865.28 795.8
918.49 622
278.79 347.18
736.99 555.13
176.12 648.7
751.3 490.43
939.45 535.29
747 350.75
390.09 633.56
936.37 559.74
564.68 469.07
899.78 651.3
168.46 352.79
655.54 531.27
573.53 35.76
301.95 875.97
264.99 250.65
243.72 879.97
774.9 472.88
52.95 604.57
676.81 909.48
794.52 553.27
801.54 461.35
215.4 752.07
832.36 167.64
109.32 270.61
241.46 375.04
602.31 532.18
572.99 458.05
360.88 282.33
563.59 193.3
808.74 585.01
479.87 350.29
746.6 174.11
858.94 710.5
513.53 303.99
364.45 147.31
445.69 119.08
377.88 531.66
571.18 601.76
607.17 166.23
663.05 450.79
607.68 783.32
802.61 519.88
30.61 475.4
925.72 539.35
142.34 462.08
235.33 862.24
209.6 779.66
392.44 266.21
297.28 840.14
92.62 677.21
272.9 587.91
691.18 837.61
726.49 484.94
205.36 743.74
468.46 457.96
108.28 599.05
385.24 735.01
608.97 572.41
361.34 151.55
225.1 425.15
802.88 517.11
345.56 168.98
657.31 491.9
504.81 147.5
905.12 692.89
303.05 426.56
683.19 153.23
582.05 191.35
177.89 817.19
475.26 155.55
503.92 732.02
405.59 279.58
568.74 682.24
755.85 721.92
475.3 123.02
367.81 834.68
662.98 426.22
921.38 549.55
345.99 471.72
374.98 846.98
316.87 456.1
297.8 739.19
567.28 195.99
761.31 839.44
397.66 500.9
50.51 531.33
194.07 843.04
626.76 657.61
197.85 842.16
743.13 314.07
336.31 140.26
733.09 834.62
708 600.24
747.22 252.72
852.63 210.58
115.6 553.21
454.51 752.22
686.15 543.44
73.89 436.72
201.94 696.22
290.35 436.69
232.43 577.87
532.58 628.68
160.19 504.14
335.95 178.35
625.17 94.39
437.73 931.52
290.02 227.3
769.07 410.72
201.97 628.07
604.14 451.61
466.35 597.83
634.72 854.79
828.79 624.77
720.91 565.75
375.13 184.27
737.91 555.13
188.94 604.72
698.51 584.61
351.3 494.46
612.05 620.38
691.12 804.53
149.11 576.04
614.7 727.68
569.2 305.83
744.32 154.88
326.91 79.35
76.6 640.98
820 545.09
448.26 408.98
298.75 465.56
501.21 152.65
323.04 738
313.88 826.69
725.03 300.06
524.58 609.64
875.64 653.86
322.12 104.8
505.05 227.09
551.16 662.8
114.54 492.54
379.13 496.81
793.36 509.26
382.37 688.16
532.15 606.28
707.88 100.62
623.07 863.25
491.5 747.34
496.9 380.11
785.36 552.81
630.85 176.58
374.25 131.63
639.21 131.63
596.88 721.64
126.47 707.91
617.15 217.57
624.1 340.98
319.41 367.56
661 802.39
806.88 526.54
611.1 798.18
630.18 402.42
253.7 136.54
427.81 573.35
302.29 548.05
225.56 311.35
134.71 284.25
789.64 743.8
615.22 361.13
856.65 228.49
863.58 229.44
249.55 542.41
81.42 524.67
426.8 94.67
232.76 146.55
914.7 398.6
432.78 946.17
837.18 534.23
842.1 693.53
397.69 259.16
241.1 585.56
255.13 684.01
945.28 435.5
940.98 601.55
786.16 576.68
142.43 222.33
417.92 82.25
659.93 855.1
662.07 691.49
802.7 530.14
685.63 142.77
689.5 727.9
868.68 644.52
551.99 947.9
619.98 292.25
922.48 367.53
694.54 218.63
155.92 240.55
521.44 902.28
441.72 80.11
782.1 171.79
404.71 311.14
252.08 189.28
247.69 153.51
620.32 885.37
779.66 645.56
656.76 909.15
455.46 921.29
664.17 150.76
636.34 569.54
422.04 943.02
540.57 578.57
536.45 255.29
396.95 350.26
389.42 590.75
155.89 644.34
454.33 604.3
697.35 441.3
684.47 396.53
835.72 592.21
876 391.71
895.72 574.45
442.06 627.34
285.56 260.2
407.64 895.32
710.2 728.45
896.05 393.57
397.41 903.87
308.6 388.1
570.57 353.56
733.7 745.35
736.38 739.43
272.59 680.44
911.13 367.84
517.65 109.38
517.96 654.84
438.52 687.64
355.08 307.23
697.29 142.67
394.85 67.84
675.74 724.94
198.71 694.02
615.71 654.9
543.99 98.3
545.37 49.62
530.96 679.92
692.8 372.11
809.78 169.56
784.48 212.47
321.91 484.66
507.86 605.95
758.54 401.07
349.8 842.65
942.32 623.31
562.85 863.55
386.76 306.41
612.57 391.19
455.7 857.94
936.77 401.9
727.29 611.59
582.6 595.02
462.2 590.62
589.43 569.2
816.06 672.75
267.31 341.56
232.09 771.02
371.75 869.87
116.86 725.58
628.93 893.95
183.02 535.57
890.35 628.71
185.46 616.93
45.98 378.35
732.2 788.11
170.93 713.89
480.94 81.48
124.64 307.47
573.32 472.98
762.05 191.87
691.64 174.14
676.63 838.92
556.66 371.23
779.5 232.52
638.23 231.67
769.22 151.83
348.58 643.88
343.24 414.56
416.52 90.67
545.18 699.27
337.99 657.52
876.25 535.48
570.02 53.99
465.77 259.99
426.8 863.34
486.59 87.44
565.81 709.4
778.47 864.22
850.55 293.01
864.38 644.92
746.85 828.64
765.62 871.91
521.96 440.17
107.64 354.01
823.05 427.72
657.46 773.55
385.66 683.89
637.47 431.71
391.95 654.01
634.27 550.4
214.79 300.7
782.16 342.54
480.61 608.02
755.82 150.88
456.4 711.63
641.65 621.2
289.8 567.16
290.38 548.23
712.36 246.44
546.68 492.63
765.16 623.37
445.75 798.76
204.63 629.47
909.82 591.3
918.39 505.54
489.39 449.72
182.93 251.96
203.01 730.49
941.13 625.08
544.48 446.33
127.75 600.91
660.24 332.44
315.96 653.58
410.53 427.5
221.63 678.52
166.45 497.54
507.64 802.73
339.49 375.9
733.3 891.14
643.33 650.59
514.48 733.97
465.83 363.26
821.22 454.79
416.67 936.12
591.11 118.35
618.27 580.1
690.3 731.56
915.65 669.73
298.5 808.86
772.52 204.41
170.57 388.26
181.22 580.98
190.25 381.73
303.99 120.82
771.17 761.04
448.62 426.37
475.4 30.61
494.86 749.38
238.5 559.4
59.63 490.89
632.04 747.22
756.07 255.75
199.62 552.84
51.24 522.17
790.37 704.15
553.36 914.21
305.43 394.94
481.89 52.58
768.58 756.19
219.73 154.76
697.87 798.15
635.55 295.3
476.97 874.36
918 308.73
373.82 813.84
256.51 269.36
208.01 229.38
173.53 183.75
355.91 449.26
623.04 546.34
911.68 522.6
374.4 284.37
741.81 716.61
812.71 735.92
718.89 375.07
649.83 915.43
773.49 448.87
418.47 156.59
919.03 501.69
242.87 754.48
228.25 556.6
331.61 538.93
646.87 227.73
812.8 371.04
561.3 397.87
119.79 324.93
445.57 222.11
634.75 560.08
624.04 423.66
139.62 267.4
291.97 681.66
607.23 788.23
422.71 818.38
739.46 135.78
333.87 902.13
462.26 767.91
706.38 265.94
822.35 646.63
597.22 263.62
844.23 460.07
748.16 351.6
626.48 403.88
288.83 596.85
883.88 432.17
931.55 382.98
437.42 699.64
332.96 602.34
498.55 559.62
608.81 583.97
76.45 407.03
305.31 498.58
304.27 781.52
932.89 588.43
216.22 279.31
560.72 874.42
250.07 301.4
727.13 866.6
231.09 190.71
446.79 890.35
619.19 256.94
231.48 494.89
79.62 337.66
279.73 515.55
490.55 412.27
924.71 601.06
292.15 475.75
548.36 834.93
794.43 801.66
592.85 870.08
718.77 127.63
134.72 204.2
818.54 797.2
779.66 658.5
298.75 781.43
242.62 498.76
715.32 409.8
180.43 297.92
182.1 744.9
525.62 358.87
806.73 158.82
818.08 249.21
570.7 346.9
539.93 664.91
153.23 557.97
822.41 388.29
548.78 671.96
450.94 281.38
728.05 594.81
272.38 131.96
197.94 600.51
487.35 355.33
229.93 478.44
237.53 513.57
484.36 326.46
537.49 570.79
336.53 348.16
169.23 290.17
739.68 807
650.44 686.7
270.09 766.87
859.07 341.56
44.37 484.3
618.52 540.57
604.05 568.68
777.37 640.03
696.74 759.94
423.51 786.46
42.15 506.3
506.45 615.53
71.02 367.5
337.47 241.89
300.91 786.86
649.62 83.68
262.76 136.48
217.54 562.58
178.26 632.28
106.91 453.72
758.84 333.81
694.3 873.26
567.58 868.5
618.85 594.78
593.13 194.25
255.13 406.81
794.95 272.47
900.05 379.44
727.56 206.49
204.2 134.72
353.98 361.25
665.12 201.67
282.36 355.45
532 290.99
106.72 709.34
843.81 671.87
491.35 604.63
605.82 746.91
830.1 605.91
304.88 784.23
150.12 542.62
689.05 394.63
687.43 258.89
169.01 228.64
483.23 56.15
573.9 878.66
408.7 403.15
413.5 658.53
656.06 421.95
200.87 414.38
340.56 623.13
105.26 394.42
276.86 316.78
311.53 197.67
244 894.2
368.48 418.78
384.87 580.43
877.74 337.41
509.14 418.59
608.29 776.76
317.27 471.82
629.14 332.77
79.32 614.52
142.83 280.71
824.98 439.07
107.33 519
576.25 770.56
369.43 903.99
521.71 222.66
302.62 478.47
310.62 414.41
764.73 841.61
389.11 427.47
724.17 734.92
753.07 846.98
637.81 359.63
475.02 94.39
415.3 188.36
343.12 913.39
229.32 310.31
154.27 341.53
182.29 272.29
205.94 172.46
809.26 446.46
481.92 472.09
699.24 248.6
299.54 822.44
819.64 629.9
260.96 289.53
517.44 707.51
491.26 93.54
282.63 383.86
643.27 515.09
431.53 140.72
411.66 755.33
423.14 677.94
527.42 824.21
837.18 271.49
499.5 870.45
538.38 220.68
197.73 192.91
593.49 738.79
294.38 679.83
381.57 331.46
684.56 887.54
380.11 433.27
674.64 267.1
482.83 527.85
802.06 794.12
746.33 486.68
827.78 559.04
918.8 713.39
762.9 368.48
282.39 211.25
881.62 248.82
403.82 144.87
875.27 608.11
783.65 196.84
451.7 761.77
433.33 636.46
804.56 174.44
709.4 197.55
552.69 568.96
533.01 218.88
64.46 411.27
133.7 251.69
820.64 508.77
284.43 706.96
470.93 294.75
344.65 525.1
811.12 517.23
554.4 103.64
509.57 946.68
723.11 473.92
451.31 918.88
548.84 365.28
884.37 659.72
122.53 507.4
112.43 279.79
546.46 791.28
369.18 858.12
744.35 463.85
359.66 442.09
585.92 379.04
632.04 557.6
482.59 836.66
221.78 255.96
410.29 707.6
442.73 133.06
544.05 856.78
806.63 218.27
143.22 606.86
537.25 386.88
885.71 592.46
535.2 916.72
652.73 224.46
97.08 399.58
506.12 335.31
328.41 625.42
250.77 289.96
533.52 898.68
478.07 328.17
674.58 460.34
582.75 412.76
664.72 148.69
102.02 689.5
826.44 490.74
453.75 653.43
418.5 639.91
368.63 877.96
394.7 725.7
630.6 374.13
362.38 235.6
818.96 783.72
273.93 563.22
757.1 413.8
279.43 170.96
544.21 241.25
318.61 225.07
658.04 698.42
670.25 643.33
307.63 162.97
368.54 276.44
260.81 624.84
756.04 582.81
271 712.15
337.9 714.13
630.7 126.38
719.87 380.9
523.94 864.13
591.94 495.16
553.48 349.59
572.59 764.28
546.95 748.07
282.24 794.03
835.23 723.81
296.46 538.65
405.59 101.78
389.39 96.71
668.2 161.84
690.94 670.77
738.52 888.24
756.58 569.51
264.93 111.45
267.13 733.45
214.91 801.2
612.9 348.52
220.62 630.27
575.7 145.54
929.9 457.93
655.75 742.39
99.98 650.75
199.59 234.35
547.65 891.78
868.86 615.96
719.9 731.07
151.92 756.22
152.78 404.74
614.49 716.79
63.72 394.76
603.63 488.08
451.37 761.8
578.78 335.73
583.06 360.33
108.19 414.96
433.91 269.72
453.02 224.98
261.33 641.74
449.32 411.69
739.37 341.72
723.04 603.38
621.45 894.22
682.49 235.63
108.8 531.66
715.51 567.95
889.65 702.38
266.67 466.29
386.18 116.64
706.63 750.88
141.09 678.27
612.75 662.98
628.5 889
575.15 152.2
898.62 573.9
262.95 175.48
625.29 834.32
670.28 858.64
660.12 708.76
835.35 314.13
842.49 249.76
430.89 205.73
390 374.74
557.97 630.73
736.05 388.71
627.98 327.68
430.04 627.34
695.67 490.13
668.39 268.35
139.77 453.96
180.27 646.5
856.78 266.09
817.59 624.9
254.19 497.15
701.13 704.12
109.59 371.99
98.85 454.51
93.17 520.74
325.97 790.52
824.15 737.82
563.95 51.73
427.2 643.42
721.43 900.75
482.99 479.81
727.5 757.71
383.95 744.62
274 362.9
757.9 434.68
265.72 625.69
767.27 326.15
254.71 484.97
751.88 561.94
347.91 696.31
272.68 888.88
592.36 606.62
347.36 801.42
829.77 815
423.41 81.27
688.68 499.28
184.27 567.28
238.38 862
819.94 402.51
321.73 398.66
657.58 930.88
763.66 525.71
263.56 288.64
792.47 258.06
287.03 351.91
243.39 322.15
577.26 227.36
375.96 191.41
752.04 719.29
558.49 547.93
368.6 109.41
308.33 144.96
525.93 327.22
740.71 598.5
579.55 925.87
660.45 709.8
581.29 71.78
579.55 305.25
475.11 134.95
515.61 187.23
549.58 377.24
510.94 677.33
723.26 707.66
615.8 123.36
498.83 133.67
784.63 612.23
774.71 612.6
839.38 288.77
337.81 157.29
330.94 398.24
430.86 734.43
804.56 596.7
878.11 563.68
229.22 179.11
439.41 320.38
216.77 834.74
783.68 856.14
398.05 443.19
788.42 300.61
519.49 220.95
668.69 289.68
472.34 842.8
911.77 585.28
159.31 446.03
682.03 817.84
514.45 87.98
50.72 576.86
862.51 592.67
603.35 580.52
283 788.63
387.16 881.62
57.74 418.04
343.85 358.56
211.55 781.85
490.77 61.13
889 397.6
568.59 445.23
706.56 568.56
585.1 606.22
195.53 375.23
564.29 812.1
770.17 197.12
629.99 513.93
729.18 690.63
618.73 396.53
532.88 253
600.05 680.78
562.24 271.31
510.18 202.64
149.02 722.1
691.52 556.81
513.93 525.19
892.67 551.1
854.49 381.6
75.11 369.82
574.6 746.45
354.69 439.41
394.76 319.86
934.29 597.16
564.38 872.71
584.77 236.4
321.6 234.08
626.79 655.42
657.83 760.43
499.62 511.49
175.54 419.87
389.39 317.18
573.5 494.19
394.7 919.74
521.96 112.61
860.96 417.92
465.35 118.38
355.45 340.25
776.67 776.27
750.72 614.12
554.03 697.68
135.32 286.42
731.44 330.09
347.7 509.78
570.21 939.73
691.76 306.65
940.31 604.69
491.04 165.62
323.47 502.76
157.41 536.79
300.85 848.69
545.95 349.35
285.78 548.57
806.05 208.75
383.62 447.89
915.13 538.68
644.22 249.86
612.9 643.48
570.27 145.12
347.33 858.42
778.28 740.9
440.32 202.83
637.5 197.7
332.13 760.67
153.97 634.11
177.65 422.83
76.91 394.51
756.04 767.05
831.66 692.01
406.99 498.49
640.92 83.53
284.13 182.32
231.64 621.23
527.42 55.7
571.25 414.23
143.8 397.87
152.53 302.29
265.27 596.3
855.95 334.06
583 922.61
789.15 635.67
524.89 599.54
420.33 75.69
342.97 820.86
586.05 710.38
186.93 614.46
560.99 615.53
632.83 838.59
547.47 645.1
658.44 205.21
792.9 845.36
242.96 880.83
488.36 563.01
732.93 461.96
290.14 427.05
649.56 89.85
35.76 573.53
539.2 325.85
703.18 271.34
211.04 246.35
143.89 537.58
382.58 456.47
410.53 155.43
739.8 361
379.89 159.52
360.06 495.13
315.07 374.58
553.39 698.42
458.94 371.41
155.16 363.44
454.05 211.28
702.66 433.15
705.13 287.24
481.12 176
470.2 325.85
451.37 300.12
551.93 846.4
768.76 626.91
549.27 674.03
652.36 740.2
905.45 552.63
394.51 381.27
795.56 194.28
384.53 330.18
436.96 69.89
457.29 498.64
141.36 655.48
818.32 420.76
220.92 856.78
763.57 330.42
227.09 512.65
416.33 579.91
498.09 918.73
425.61 215.34
564.87 910.46
540.42 603.08
199.38 631.31
451.8 805.23
309.52 575.03
526.75 676.32
867.06 364.97
495.96 571.86
408.03 797.27
168.07 244.36
536.64 334.21
705.01 442.18
761.68 471.24
54.63 519.21
928.13 453.35
642.72 216.47
258.55 775.23
225.01 191.23
843.87 466.17
328.41 166.91
522.08 851.22
74.8 547.9
866.48 688.8
412.58 594.26
714.35 686.48
290.08 867.95
622.06 435.26
653.37 873.04
550.49 133.06
166.97 340.92
630.33 913.94
351.39 443.22
206.49 545.88
227.97 785.52
630.7 260.08
222.27 249.03
535.69 753.96
864.19 672.78
377.09 408.58
929.78 361.13
782.22 205.63
649.04 786.65
643.88 742.03
498.06 398.36
732.66 502.61
739.04 296.7
605.55 885.25
471.91 801.42
944.46 420.94
873.74 571.21
772.55 507.4
629.29 432.48
817.65 273.57
584.55 575.76
448.41 935.82
725.58 396.74
372.69 643.94
230.45 777.49
194.68 333.96
545.58 115.63
252.45 348.95
462.17 902.16
780.14 442.64
395.09 729.03
619.77 371.01
132.63 422.28
812.13 497.21
536.85 116.95
827.75 197.18
530.08 527.7
256.36 432.72
667.35 214.48
426.44 548.75
351.05 810.85
774.16 164.34
523.61 875.3
475.08 253.61
401.96 106.11
628.07 693.99
687.58 417.34
742.21 787.07
408.25 335.64
506.18 659.32
137 599.11
812.1 571.25
821.53 557.24
180.88 445.84
858.15 655.51
693.26 192.27
652.97 514.33
349.68 635.7
910.95 453.32
740.75 798.36
375.19 367.87
129.06 319.56
318.25 322.24
678.76 897.89
692.4 499.47
367.23 814.39
209.91 365.58
199.53 441.57
621.65 954.02
695.67 221.75
568.65 412.27
553.45 374.1
79.13 544.54
662.04 502.52
700.43 553.61
338.57 394.82
186.07 291.48
82.25 665.82
716.94 649.8
617.6 840.17
574.97 249.7
835.99 192.02
456.62 433.79
382.31 818.11
402.66 265.66
449.02 213.97
577.2 204.26
600.12 799.68
884.88 542.07
438.89 822.35
664.33 812.52
687 242.74
446.58 861.84
56.83 461.65
841.61 726.86
460.83 866.73
200.14 655.42
96.26 333.72
501.42 177.95
649.89 107.94
476.79 546.95
921.99 494.74
358.71 820.34
373.94 100.5
650.69 634.33
809.6 318.7
752.92 282.91
227.42 286.11
446.52 416.27
272.65 550.55
81.2 286.61
434.83 46.97
877.86 390.51
314.71 221.63
732.05 746.6
902.01 615.56
222.82 405.68
735.47 712.06
581.38 458.57
429.27 358.23
604.3 598.86
103.15 601.06
880.58 262.86
762.32 566.7
103.82 705.44
925.41 340.37
486.71 744.5
768.97 137.58
699.12 531.36
427.05 233.92
537.43 757.71
273.6 550.04
633.84 357.52
722.8 899.62
820.95 334.73
732.26 507.61
557.91 550.31
496.11 912.81
331.8 274.12
729.42 375.56
324.56 545.06
217.81 254.62
298.1 861.63
549.67 240.46
947.11 442.88
432.17 709.07
313.06 669.15
440.78 188.85
808.25 159.43
582.69 928.83
403.58 857.39
756 105.8
263.28 671.56
506.27 626.85
556.57 697.35
572.5 292.31
192.27 482.53
159.46 645.25
659.05 641.38
641.07 865.75
680.93 751.3
563.28 561.42
254.49 643.51
394.02 496.84
715.81 804.41
380.63 746.18
526.17 141.64
172.31 717.95
861.02 513.44
547.17 265.36
775.26 384.35
243.93 795.53
677.11 141.61
765.37 306.44
553.15 382.52
148.32 701.93
845.12 771.9
156.16 235.51
622.67 120.33
546.07 324.69
733.3 609.7
328.01 86.98
698.63 807.03
325.14 720.94
743.22 367.32
119.14 312.45
536.24 820.52
500.66 161.72
673.12 357.92
61.62 610.1
554.4 174.47
788.78 521.65
699.24 209.57
497.33 343.7
327.16 648.34
852.02 293.74
647.57 536.64
554.64 335.22
319.19 401.29
519.24 173.8
381.57 153.57
422.71 46.91
818.32 255.23
741.29 790.95
811.3 831.69
801.05 370.4
707.05 611.19
316.84 893.31
89.82 350.81
454.42 259.19
420.36 284.25
615.65 734.55
513.72 465.04
607.65 404.43
197.24 198.61
767.51 704.61
373.7 190.16
588.12 377.45
195.96 465.65
126.87 294.41
152.04 556.6
736.17 540.88
310.95 340.46
926.08 376.93
211.28 217.23
361.22 323.22
409.13 137.64
787.77 447.13
789.82 849.76
755.12 236.24
343.18 444.9
151.04 662.4
748.13 603.81
281.59 263.19
525.04 865.38
729.91 190.04
435.99 594.13
357.01 274.03
653.43 381.15
328.32 411.69
522.84 826.72
833.03 364.7
705.34 614.09
382.37 234.14
788.48 557.79
169.47 426.53
325.63 277.26
927.67 602.77
509.45 459.97
546.77 204.96
833.03 577.99
391.43 393.75
816.61 750.39
366.86 689.29
430.56 908.75
385.39 670.77
822.38 382.98
766.87 429.15
318.19 144.02
325.85 887.81
123.51 420.7
708.98 226.02
265.02 670
511.76 448.9
853.18 684.26
486.62 410.93
488.78 667.13
503.46 559.56
856.01 641.04
240.67 713.77
569.93 401.1
530.32 309.15
686.12 770.68
457.78 847.01
769.52 366.47
296.24 258
319.99 381.45
396.22 468.49
492.23 523
153.6 506.61
361.86 273.69
846.34 379.56
600.97 233.16
368.88 458.14
421.46 177.62
452.74 50.75
323.95 790.34
569.99 84.66
309.27 840.88
596.12 881.31
83.44 551.62
468.43 937.28
746.88 612.93
795.1 591.97
360.79 602.74
651.17 424.73
677.42 839.41
892.24 316.08
757.71 468.09
529.25 440.32
206.52 154.21
298.87 869.93
736.9 110.14
424.94 605.91
899.23 373.52
799.77 738.82
472.79 503.52
554.67 947.17
703.79 416.49
476.64 763.36
815.67 479.51
851.34 668.63
849.67 614.34
277.41 275.7
241.55 191.84
107.52 630.7
672.54 165.29
695.12 588.55
799.58 445.27
313.88 864.44
522.42 783.35
305.37 296.91
732.69 443.77
929.9 469.5
877.32 620.38
326.55 229.59
351.08 716.67
664.27 492.6
81.48 330.97
320.63 277.35
709.74 766.23
252.27 178.75
692.1 433.33
386.79 431.99
768.79 274.36
335.58 272.13
862.03 349.8
592.12 251.44
104.56 582.75
315.87 139.96
161.11 542.5
788.05 209.94
184.27 741.97
309.58 505.42
860.01 555.44
551.19 80.78
181.25 604.51
283.52 532.61
653.68 732.66
680.07 749.14
914.85 478.38
568.04 570.97
408.06 874.11
498.64 193.37
378.35 45.98
868.83 698.78
128.24 705.13
612.35 381.97
441.94 475.45
316.84 187.38
757.35 869.41
467.51 170.57
168.25 557.24
710.56 133.18
97.17 664.05
717.22 292.18
748.95 623.07
639.88 459.46
420.76 830.84
556.11 501.69
837.46 202.89
609.58 585.22
156.77 629.69
549.88 946.53
701.13 587.54
778.95 212.59
475.51 248.54
466.81 362.44
494.13 685.78
191.02 723.29
616.99 61.53
59.3 446.3
233.95 283.06
646.5 599.66
884.12 437.51
146.34 298.87
880.64 485.12
97.96 542.5
173.71 444.04
466.63 421
422.74 529.5
253.76 306.28
304.7 266.4
857.02 512.89
329.29 659.72
890.59 581.87
705.47 194.95
287.64 399.82
171.21 196.84
609.82 873.47
511.31 140.17
454.57 618.92
172.06 768.06
531.63 132.6
515.24 728.32
317.09 690.69
616.14 544.42
615.96 421.67
675.34 206.09
325.91 568.04
323.5 251.84
462.2 606.13
454.94 901.94
342.14 776.06
69.09 487.26
596.06 913.79
326.49 595.78
465.62 706.75
136.23 420
401.78 181.46
413.22 833.06
245.43 441.42
707.85 384.04
753.69 269.57
232.28 581.9
715.6 760.49
399.15 854.15
803.28 231.7
412.27 264.05
430.98 819.7
244.06 335.67
518.33 149.91
594.65 632.98
311.26 353.01
148.9 644.18
525.13 160.5
784.51 727.84
734.73 855.31
614.15 842.52
542.44 88.02
614.28 749.11
95.98 625.05
357.49 614.92
737.57 407.06
619.74 817.68
51.79 555.96
486.92 507.86
632.83 596.79
607.44 618.88
381.12 759
470.44 551.96
129.12 533.46
609.61 923.49
626.06 272.77
508.35 457.47
593.22 884.46
471.42 159.98
713.39 918.8
782.22 734.31
640.58 391.64
334.03 866.91
176.82 719.53
391.98 570.18
657.58 404.07
508.22 829.13
858.49 465.56
687.03 905.06
101.26 402.87
326.06 458.48
251.78 411.24
619.86 819.42
585.8 167.49
351.57 796.56
615.96 756.8
851.22 575.21
371.93 441.36
864.99 557.21
514.51 270.73
427.75 249.4
696.8 745.9
539.66 490.98
671.87 426.53
565.08 558.43
97.81 610.28
286.48 458.39
184.03 532.3
621.75 106.2
368.45 328.9
559.86 640.25
490.89 479.54
944.09 602.28
491.23 630.15
63.63 450.21
670.86 202.52
234.63 607.9
526.02 817.65
825.98 588.34
805.26 641.22
334.97 230.32
369.91 708.09
221.11 204.54
338.15 222.72
713.86 731.22
789.42 672.41
930.78 542.47
787.07 438.73
631.82 155.22
639.88 290.38
718.47 717.03
108.83 563.25
432.94 257.48
585.89 385.33
85.88 645.59
549.7 602.8
382.24 934.78
892.64 707.39
257 431.68
666.49 741.84
505.54 725.18
594.29 722.71
670.49 706.41
825.62 693.01
198.61 510.12
845.03 447.49
359.23 169.1
496.2 568.59
334.67 793.12
554.52 859.65
117.5 410.29
394.79 496.78
592.24 898.07
314.74 229.59
521.04 715.99
187.78 797.33
835.29 728.14
711.23 686.54
757.87 739.25
148.08 545.64
471.33 522.08
527.09 735.1
857.54 504.14
262.34 174.41
535.66 686.42
450.24 251.99
842.01 761.71
407.64 332.22
238.32 178.99
125.16 319.47
205.42 231.27
795.74 347.76
406.38 458.51
931.15 567.19
174.63 273.78
306.92 430.16
249.46 153.75
527.82 785
518.3 190.16
741.6 475.78
61.19 668.44
697.59 299.63
322.18 474.9
736.11 153.45
721.95 784.72
101.69 704.73
524.37 807.73
345.47 224.56
643.15 121.68
277.54 152.07
652 832.06
601.64 816.25
744.35 318.16
801.26 401.72
434.31 690.3
492.2 608.78
144.05 277.08
370.07 452.44
950.93 534.62
98.27 306.25
736.93 889.8
384.2 534.81
243.42 295.85
124.82 616.14
924.74 662.31
758.2 626.33
809.93 628.96
360.94 202.55
249.82 836.7
55.76 462.94
537.83 454.7
687.09 317.85
722.34 316.72
242.68 300.49
828.18 180.52
701.56 751.24
856.78 620.53
119.48 337.41
293.47 748.44
370.16 837.49
215.12 714.01
550.13 261.91
311.35 572.99
444.11 572.5
389.26 348.43
697.16 108.46
593.37 208.26
481.98 667.53
276.92 182.65
403.09 836.05
336.5 815.45
333.54 276.86
461.96 940.46
421.25 643.64
668.44 61.19
526.54 914.91
222.75 376.05
698.93 842.37
388.47 297.07
379.59 374.58
159.49 502.43
858.61 701.07
743.06 502.12
778.77 559.5
837.34 631.58
706.32 538.93
334.51 668.57
200.69 411.15
630.05 109.62
738.43 207.86
474.11 483.26
718.16 761.62
493.12 907.9
751.37 710.96
601.95 400.4
748.5 500.69
274.15 105.14
630.63 552.51
637.13 621.14
89.79 518.94
934.57 453.26
476.85 537.46
849.7 266.24
414.75 309.64
223.64 728.02
516.04 591.48
390 888.15
321.42 528.34
796.5 188.02
337.14 683.77
466.63 536.18
675.65 647.85
664.63 837.43
563.25 675.92
492.11 220.04
143.38 781.76
185.06 495.19
91.71 565.69
467.94 338.91
477.25 951.11
256.32 153.57
534.32 424.09
410.11 731.77
690.88 251.63
123.87 737.6
755.91 337.2
809.29 502.55
703.79 781.37
280.47 677.08
518.94 650.04
139.35 769.98
661.18 798.12
541.03 801.42
371.04 714.9
710.07 589.37
230.26 450.67
250.77 749.69
313.52 85.91
286.51 588.06
362.74 422.07
329.87 141.61
223.43 559.07
624.23 790.22
574.63 181.59
917.05 582.72
894.59 465.5
491.87 151.89
584.73 656.3
148.14 612.57
339.79 702.41
764.49 280.56
246.01 193.61
618.27 865.69
88.05 440.66
510.73 949.06
799.04 580.74
419.87 139.87
255.04 612.51
466.05 681.84
542.62 423.51
539.75 73.34
251.84 479.69
702.99 222.33
867.58 508.99
639.33 72.15
805.23 843.1
523.61 83.53
147.74 577.96
353.8 521.74
913.57 583.18
954.02 621.65
658.01 785.52
170.42 791.13
869.75 510.61
361.61 776.45
262.64 209.05
694.88 281.47
48.46 502.55
368.76 103.76
340.53 476.27
516.92 593.98
638.45 560.5
480.91 600.76
275.37 617.36
588.95 895.9
166.94 707.27
304.82 232.52
778.8 437.67
799.49 260.78
429.03 176.82
726.07 407.15
403.82 386.82
894.2 244
826.59 458.17
632.56 924.25
74.04 600.3
443.62 100.13
713.22 199.87
799.55 513.78
254.86 876.83
779.11 541.12
337.05 620.81
502.55 915.56
385.57 152.56
541.92 892.36
486.5 217.63
283.79 780.51
125.1 438.34
404.22 449.42
734.98 225.5
632.8 672.14
576.65 877.25
188.3 350.44
877.47 345.59
603.44 846.58
557.12 136.36
673.54 514.02
306.1 480.85
328.53 95.03
377.15 247.93
183.36 772.45
203.47 662.77
486.1 536.82
423.29 91.25
775.54 427.26
551.29 862.91
612.93 600.67
546.62 613.61
301.16 263.8
727.13 501.6
529.98 353.77
762.6 574.91
484.18 830.47
730.83 227.24
795.8 865.28
325.51 801.11
386.67 401.17
179.27 786.58
214.94 287.76
168.95 206.4
610.86 667.07
730.43 222.82
116.43 646.2
368.72 427.99
590.14 469.25
344.86 592.79
484.15 626.76
82.25 565.36
568.53 697.38
307.47 490.46
452.25 609.73
469.19 532.18
645.65 452.28
830.77 700.61
212.26 286.54
843.07 245.03
385.08 96.07
734.15 701.62
806.88 650.07
641.9 257.3
580.65 178.29
582.29 568.13
485.46 180.67
404.22 676.47
446.03 677.36
401.1 358.99
450.79 719.99
455.79 586.47
775.54 179.48
410.99 815.49
517.35 528.64
55.79 556.35
540.15 431.93
153.84 465.83
255.84 266.12
429.61 555.83
158.76 264.23
128.24 724.91
679.01 154.36
505.84 246.89
751.92 208.23
525.07 352.73
214.94 382.43
247.2 704.09
938.81 331.56
196.23 695.64
873.5 358.17
210.27 153.05
298.53 547.29
768.7 544.91
365 547.65
447.37 930.42
181.37 468.37
567.16 652.76
97.6 374.77
471.42 910.86
376.72 401.07
501.97 782.37
377 230.38
423.84 86.15
964.24 426.47
188.91 233.13
176.24 537.86
429.64 152.13
308.33 817.32
184.58 615.56
564.41 616.96
388.47 907.19
489.46 912.96
875.03 560.08
484.08 195.96
844.36 339.61
655.08 437.3
164.46 762.54
653.68 388.65
65.31 569.66
416.03 411.54
482.86 610.46
157.51 363.05
782.65 247.81
792.57 202.06
109.74 457.9
259.83 634.75
708.33 771.17
361.03 194.77
831.97 805.54
828.61 630.7
816.61 224.98
70.04 546.46
915.98 410.53
619.04 912.66
787.74 855.16
193.52 200.66
680.26 534.84
201.76 676.5
823.45 176.49
713.74 878.72
856.04 600.57
557.51 954.44
620.59 380.26
735.65 656.48
762.72 849.15
840.78 214.12
245.98 604.3
222.79 830.87
251.96 584.12
55.15 440.96
259.13 572.53
744.1 147.59
600.57 52.64
509.69 202.37
254.04 787.59
388.35 680.59
381.12 645.89
426.13 736.23
229.93 847.5
87.01 427.17
724.02 900.63
612.41 923.64
636.01 103.12
761.59 489.15
556.26 920.44
758.32 744.77
215.09 780.21
861.26 675.47
402.08 190.47
529.86 731.04
634.3 326.18
319.41 491.84
806.57 748.83
415.94 561.2
300.39 213.75
613.45 896.76
182.71 330.3
506.42 271.65
538.74 443.13
930.91 411.15
151.16 330.33
478.07 83.38
374.77 768.06
517.78 784.02
696.68 655.51
431.65 906.49
288.37 574.76
366.31 699.18
98.88 641.71
466.38 805.48
524.52 239.97
872.8 587.51
833.7 368.69
194.04 465.04
219.06 532.98
532.76 200.57
220.37 516.43
786.03 331.64
648.82 283.76
773.43 159.73
819.15 733.02
773.71 429.15
256.69 513.05
665.09 531.17
786.16 546.22
649.16 483.47
657.22 503.56
204.11 181.25
455.7 456.19
806.27 447.04
127.84 310.4
483.75 112.77
342.51 111
508.1 482.19
744.87 858.61
942.53 524.22
452.04 629.93
772.24 137.21
706.87 382.61
566.15 788.93
577.96 837.58
647.85 250.07
443.31 66.47
480.51 211.43
128.33 462.32
465.62 162.11
286.9 769.04
682.18 848.26
810.02 688.71
828.55 377.7
435.04 816.13
511.12 918.7
696.28 428.69
337.93 883.97
243.23 795.1
267.59 856.11
402.17 340.46
762.38 387.43
536.7 425.09
545.03 267.1
617.63 215.28
782.98 737.66
553.82 259.5
372.48 689.69
886.41 745.72
228.64 174.93
576.77 642.54
310.28 586.32
176.79 365.52
911.1 458.14
208.47 454.39
344.83 75.96
201.79 744.25
364.91 473.13
594.84 319.9
259.29 172.31
463.36 476
352.61 763.94
552.45 181.43
624.9 861.35
277.14 677.36
864.99 689.78
469.04 100.16
610.03 440.6
97.02 599.81
752.34 714.1
667.47 80.84
689.41 891.26
931.67 617.33
268.11 725.55
585.47 202.98
576.31 825.13
333.11 463.55
356.49 582.11
419.9 178.53
196.14 678.52
287.51 96.47
848.96 291.33
651.57 648.92
502.37 666.71
715.9 292.79
835.32 547.65
412.06 251.66
623.19 770.71
242.71 480.97
876.95 507.1
613.82 406.96
282.75 285.96
681.66 809.5
388.99 538.47
595.48 899.75
785.12 708.06
732.14 140.11
575.24 70.86
405.44 206.37
652.3 157.23
727.81 892.21
873.99 694.66
803.95 534.65
274.39 889.46
609.88 388.01
744.62 496.9
439.04 827.63
80.87 372.11
873.07 545.92
289.9 379.19
773.06 299.51
351.02 182.2
596.24 537.06
209.08 362.8
441.39 886.65
106.97 480.39
649.04 600.05
905.03 429.73
295.88 598.71
820.09 765.83
600.3 77.46
443.22 251.56
377.36 143.99
522.93 516.89
402.6 932.46
388.26 902.01
421.7 667.59
51.64 424.51
560.35 400.77
602.07 931.49
340.25 832.45
681.72 463.12
578.14 186.93
248.66 535.51
303.69 393.9
596.67 94.91
200.11 826.35
658.47 321.67
794.18 688.92
762.93 855.98
813.56 787.87
271.13 621.75
611.32 689.84
298.56 481.92
775.84 244.45
258.71 427.96
832.3 269.42
348.98 413.5
382 274.94
393.41 926.82
335.43 387.37
714.41 354.63
860.53 691.61
766.87 491.35
562.76 307.9
900.11 691
655.35 105.14
359.75 529.47
483.02 944.67
434.77 725.03
832.7 491.78
315.87 696.8
722.46 456.04
375.74 98.64
454.21 404.03
539.66 189.49
671.01 573.6
404.22 58.35
120.67 598.19
425.43 62.35
601.76 714.5
438.76 812.49
350.11 365.7
571.31 496.14
448.68 440.66
323.68 374.65
791.16 325.08
397.87 580.92
51.85 406.38
57.68 407.94
598.35 342.45
779.66 740.32
844.87 657.09
478.8 485.95
283.27 433.24
371.72 609.42
582.05 571.15
489.85 754.91
358.75 463.09
754.69 332.1
483.75 603.32
342.94 863.7
478.41 415.17
826.23 737.36
646.9 262.31
459.67 892.03
841.09 235.54
265.79 294.87
312.02 353.22
234.44 228.13
771.69 252.27
140.51 525.93
781.09 276.99
336.13 429.27
457.66 514.94
317.27 486.5
787.1 514.73
712.76 486.71
410.6 314.62
426.98 419.29
758.48 624.04
383.53 520.46
911.8 686.36
952.09 581.56
898.13 393.32
321.63 536.67
666.55 127.17
105.8 756
642.32 444.99
927.21 598.35
365.89 817.41
409.04 670.19
654.99 266.49
622.33 819.21
429.18 516.46
445.91 755.03
679.65 119.6
627.95 361.49
503.49 76.54
393.02 101.87
683.95 127.96
771.81 623.07
634.82 925.9
504.9 617.57
610.74 496.66
744.68 615.96
645.01 757.71
112.03 266.18
832.03 599.96
621.54 710.78
98.48 441.24
192.42 335.73
291.6 259.62
131.2 235.91
124.36 268.65
654.29 799.4
686.3 874.78
814.02 825.46
723.69 732.84
380.02 554.52
762.29 206.49
387.71 653.58
874.32 316.69
696.95 870.91
593.86 623.55
639.52 674.61
626.42 181.19
706.66 588.7
196.72 554.89
599.23 613.21
120.12 483.6
648.15 166.51
744.74 601.64
211.34 551.59
376.11 315.68
911.37 419.6
893.46 323.4
437.45 508.04
684.41 611.68
99 414.81
877.74 527.02
753.69 594.53
441.63 923.73
510.06 844.33
489.21 329.78
827.33 741.29
402.72 628.16
547.81 535.81
203.47 331.71
338.48 362.38
566.52 278.48
213.84 560.63
461.47 235.82
760.49 434.61
709.95 544.15
723.44 447.71
486.47 301.16
866.45 235.85
803.25 400.52
535.72 631.73
641.68 624.5
783.68 651.6
562.82 588.4
305.67 466.63
460.77 300.85
901.85 709.92
319.99 215.31
383.68 393.35
87.22 535.66
209.36 245.55
195.99 791.53
228.06 584.55
337.26 774.9
504.59 730.34
681.23 826.41
250.31 341.07
658.59 404.95
484.79 671.47
842.62 498.28
435.62 175.79
449.42 878.87
626.33 799.62
585.19 785.85
325.88 349.59
637.62 324.41
226.02 290.87
320.11 462.81
644.34 927.43
693.08 625.26
420.03 925.32
249.89 726.98
526.87 183.2
297.68 449.29
772.61 178.66
200.99 806.45
290.66 482.74
331.56 938.81
780.24 800.26
403.64 716.76
201.48 236.12
882.02 546.31
694.27 487.29
509.96 442.76
808.4 300.85
310.8 553.03
308.42 200.99
861.02 288.43
888.55 268.68
603.81 620.53
658.1 320.57
391.77 349.53
420.67 498.46
517.96 821.59
187.05 619.43
101.93 608.02
851.5 468.25
839.26 477.55
619.86 295.82
193.24 837.76
309.49 708.3
837.73 280.16
536.18 290.99
139.23 713.06
766.35 391.16
300.61 689.5
569.6 440.75
837.55 483.2
641.65 841.06
547.9 335.92
644.83 83.96
643.02 836.05
647.85 535.33
693.23 639.18
676.84 233.71
164.31 236.15
114.05 416.12
153.51 603.72
541.76 280.89
166.2 592.43
396.86 245.52
260.29 614.4
278.73 394.6
327.95 168.83
269.63 762.57
627.77 780.94
232.83 169.68
900.94 323.4
929.11 568.29
326.94 681.6
518.78 400.92
781.73 432.26
255.84 208.93
373.88 743.16
405.59 489.88
375.23 745.26
734.31 438.25
908.44 466.11
768.79 283.85
850.83 412
201.88 387.86
734.64 764.82
608.91 334.79
696.52 551.29
396.07 684.93
218.54 147.13
82.95 680.5
463.36 516.77
265.36 448.9
643.09 227.91
265.6 392.59
276.19 874.23
370.95 807.49
97.26 443.59
314.62 865.63
538.13 590.56
584.12 568.41
97.66 635.94
794.43 342.45
98.18 720.97
414.56 452.13
366.8 185.25
346.9 272.19
214.55 681.94
693.26 855.86
661.79 491.81
772.76 198.43
871.03 238.17
780.45 327.56
349.5 238.38
373.21 67.87
676.26 304.67
425.73 208.32
262.18 820.86
708.43 682.73
365.79 447.46
463.58 170.42
668.54 165.35
659.87 845.94
905.36 494.95
291.94 521.96
148.53 651.42
796.62 531.94
313.94 866.51
363.72 390.64
526.26 196.26
277.29 295.88
351.21 663.87
353.92 707.79
271.83 887.2
153.26 627.49
823.39 459.64
375.38 788.23
751.12 417.55
728.66 187.9
463.85 54.2
75.11 636.07
583.85 844.14
265.51 355.17
643.33 751.37
920.68 431.56
572.59 635.82
704.43 305.19
187.41 491.32
193.37 233.92
641.74 314.92
182.62 827.36
226.02 348.22
446.88 309.92
380.38 443.65
169.62 525.1
516.1 897.67
608.75 649.83
278.6 811.4
267.46 220.77
521.13 427.72
919.16 408.46
758.29 630.15
627.06 169.53
330.58 817.32
790.31 178.81
254.04 848.38
477.71 235.02
480.03 586.41
906.98 558.37
373.49 159.95
634.88 183.29
239.54 586.11
138.07 765.34
359.72 670.92
241.04 609.55
690.88 116.43
640.95 733.7
747.25 459.7
677.85 612.38
574.57 292.46
368.72 853.97
269.51 861.69
710.78 360.48
99.37 482.25
797.33 564.5
257.48 562.09
498.61 684.35
193.64 284.68
795.28 228.37
586.6 382.61
485.4 483.63
823.51 439.74
312.33 381.48
645.68 172.98
347.39 299.91
674.15 522.93
369.27 655.51
810.97 332.83
210.12 526.29
403.12 788.48
609.79 639.03
348.74 895.87
780.05 675.47
471.57 756.86
164.74 209.81
518.51 849.73
345.44 362.41
969.39 524.6
120.43 329.54
594.1 804.04
625.9 918
708.24 235.57
377.06 739.52
175.94 568.19
131.26 376.72
531.85 797.78
88.81 601.09
452.41 600.7
724.94 718.25
637.93 593.43
842.59 470.41
794.46 699.39
354.93 772.67
379.41 439.86
735.19 563.4
656.67 813.17
665.46 132.24
144.08 465.29
151.68 481.83
525.74 269.63
627.98 173.19
446.85 587.6
96.77 427.93
178.35 526.96
362.32 505.14
484.45 518.11
418.01 469.07
303.38 618.52
761.99 764.95
833.8 569.32
510.48 821.38
211.55 810.24
428.33 872.59
767.08 272.53
77.33 534.68
541.03 906.03
601.95 812.83
770.07 171
522.63 186.83
426.47 964.24
711.75 136.91
882.23 446.73
266.76 772.58
399.06 646.02
351.6 918.55
597.77 626.58
220.92 254.49
627.22 818.81
624.84 634.21
114.2 278.27
739.59 781.46
325.94 298.78
211.28 530.99
599.2 776.85
937.16 634.78
498.95 883.42
712.3 362.8
298.17 588.92
654.1 462.05
80.02 443.89
169.07 632.56
556.96 643.39
611.9 541.09
256.23 863.8
498.4 573.9
856.07 643.39
400.98 206.52
743.74 203.74
548.51 827.54
364.91 863.25
835.17 623.58
604.69 649.98
350.08 272.74
343.67 390.91
638.45 719.81
528.79 867.98
276.28 101.41
750.66 216.65
406.2 112.03
841.64 732.23
460.52 660.82
648.03 191.23
836.88 327.92
792.69 716.82
534.65 734.98
487.26 634.94
254.04 410.2
665.21 368.24
197.15 622.3
811.94 818.08
532.18 500.38
852.81 663.05
519.27 698.66
589.71 108.92
733.57 738.4
116.89 505.05
329.42 566.45
405.99 457.53
426.01 151.01
586.14 445.97
884.09 477.28
593.74 200.23
687.86 525.59
733.15 424.57
540.88 174.38
163.91 512.96
49.44 579.27
401.5 711.02
930.72 594.07
837.52 593.52
805.44 412.95
311.41 601.06
584.4 59.54
666.68 417.34
654.1 186.16
439.44 658.19
272.87 800.53
796.5 149.48
334.91 744.25
492.72 480.03
416.85 284.55
121.1 486.07
546.98 836.09
165.32 470.32
530.05 367.69
481.61 727.35
322.7 753.44
667.87 234.02
943.66 456.56
608.87 814.84
104.53 318.31
593.62 540.79
311.23 870.6
652.55 379.19
659.63 506.97
122.35 455.89
763.12 819.91
840.51 458.57
388.59 709.59
327.28 704.25
466.69 249
944.58 475.97
290.75 329.81
130.83 367.05
339.58 757.99
906.7 506.09
299.17 461.96
167.64 832.36
710.38 679.89
918 501.54
143.77 678.4
270.18 669.27
165.04 449.54
227.3 660.18
584.15 81.48
470.47 93.48
55.48 574.21
609.88 809.02
548.54 53.13
944.85 602.68
704.52 176.34
756.74 127.32
644.22 632.68
274.27 356.15
107.58 310.8
482.25 663.08
419.51 600.85
163.34 280.68
640.55 546.13
366.77 591.24
728.57 211.04
781.58 361.92
697.01 536.61
412.55 279.52
656.7 703.79
800.38 219.52
545.73 850.73
480.97 266.67
444.26 115.36
566.24 93.94
551.19 514.79
748.34 783.5
643.88 145.18
437.79 546.31
792.14 709.22
724.05 247.96
623.22 266
664.14 313.94
779.14 140.54
594.81 115.94
404.46 592.46
844.02 786.92
567.43 634.75
407.79 171.09
111.88 663.32
189.79 661.37
690.39 254.13
686.42 620.14
823.97 607.26
343.97 561.11
460.49 234.63
684.04 375.26
618.55 132.63
846.74 353.04
220.86 629.99
138.83 382.89
134.77 237.25
520.52 569.99
924.99 461.81
272.53 510.48
843.81 565.17
241.13 255.17
129.86 731.41
821.77 650.44
710.75 662.65
391.86 922.61
370.34 477.07
404.37 385.88
270.15 532.76
668.17 317.97
260.2 332.13
199.38 512.16
839.63 532.12
513.47 642.48
178.38 405.77
311.35 725.52
508.96 651.81
644.28 161.17
355.54 353.1
670.8 129.8
418.59 176.92
186.71 540.73
115.27 622
798.85 200.99
870.88 476.7
140.9 647.88
293.71 359.54
141.54 387.77
382.92 136.05
581.04 58.14
256.78 476.12
772.61 558.31
676.5 306.38
493.27 323.5
298.29 562.88
946.04 534.84
818.63 624.07
429.88 478.35
374.61 159.61
458.91 923.8
273.51 506.33
415.42 906.28
609.09 463
738.27 709.49
688.19 175.73
174.81 401.17
724.57 227
361.95 350.14
524.6 969.39
525.32 306.16
168.61 332.77
857.08 629.29
857.3 452.83
586.93 644.52
928.74 526.81
565.63 910.4
111 448.44
186.22 519.15
108.25 296.95
863.58 449.75
398.66 247.72
497.97 366.19
370.83 629.99
230.05 206.98
366.59 119.39
272.29 727.47
676.72 216.41
342.14 861.54
506.27 244.18
302.77 182.71
484.12 833.98
289.56 106.11
930.05 460.28
385.11 737.6
599.6 590.9
378.61 749.53
383.34 693.38
744.04 532.27
663.41 827.78
713.52 654.01
110.2 384.72
703.7 603.87
348.83 537.8
327.98 409.16
741.48 723.72
219.89 761.41
470.17 574.05
381.94 669.42
559.53 821.34
304.06 432.66
479.93 89.18
357.28 718.07
282.78 721.06
287.64 607.32
534.99 236.73
653.49 582.78
519.3 246.96
821.1 221.29
135.87 679.19
448.13 260.48
237.74 550.43
306.62 259.56
323.71 100.04
151.31 496.87
541.58 924.68
440.14 750.51
195.72 390.88
734.03 855.77
726.07 841.58
516.5 325.24
204.72 730.8
544.18 196.57
643.94 812.92
823.36 581.26
604.02 464.52
570.6 314.13
616.29 495.56
732.08 692.01
487.69 51.36
822.96 338.72
145.15 628.96
285.62 195.17
460.65 742.58
667.32 807.46
465.9 288.8
821.34 531.97
706.99 868.22
423.69 676.69
456.74 479.32
326.79 468.34
722.37 330.21
679.53 765.07
652.42 425.03
703.09 881.5
407.7 847.41
365.55 122.99
943.66 616.2
454.42 94.39
290.14 184.33
464.64 221.63
896.69 700.98
297.25 488.33
290.72 191.87
700.89 747.03
163.12 738.82
576.37 760.09
449.23 172.22
598.35 135.56
773.98 518.3
577.96 208.04
329.45 113.19
648.58 652.09
736.72 552.48
331.28 511.34
337.29 514.42
329.26 612.35
143.59 583.73
135.72 440.29
435.35 203.71
160.1 603.69
543.32 787.84
740.47 694.6
666.16 146
692.86 135.62
930.08 560.75
134.34 425.28
653.52 639.18
667.04 394.06
539.9 815.03
841.79 370.28
137.67 334.97
708.21 582.84
512.44 458.51
319.44 209.05
234.81 481.8
166.78 450.51
233.13 534.32
532.85 783.78
933.44 350.81
278.39 120.09
166.81 347.09
871.24 317.58
202 309.06
566.76 400.22
550.61 236.52
876.98 428.02
298.56 425.82
504.93 949.95
481.58 684.56
346.29 632.44
779.56 373.82
440.26 196.54
659.14 457.11
418.93 391.4
624.41 801.69
158.09 373.03
529.4 195.38
676.44 643.39
470.69 428.94
860.23 268.78
574.02 650.96
185.89 552.72
230.23 285.16
93.84 539.84
708.18 816.55
754.54 342.33
633.56 69.58
660.73 368.91
761.93 642.93
117.28 276.13
742.67 598.65
371.29 661.06
777.95 425.21
119.91 735.04
143.22 710.72
734.18 383.28
800.38 649.74
648.24 313.24
745.02 759.67
574.57 340.56
611.65 86.64
310.16 654.56
195.2 495.93
393.57 97.54
716.76 410.08
549.36 520.07
300.45 721.15
155.46 317.39
169.13 797.27
80.66 666.13
555.47 137.39
580.55 367.38
108.68 727.38
399.82 128.33
210.58 144.41
349.62 568.74
342.11 424.73
384.32 136.63
726.1 699.18
84.69 545.95
492.54 56
131.41 306.38
231.12 349.25
766.08 131.72
511.61 303.6
763.21 420.3
213.87 420.85
227.88 665.73
188.91 472.03
476.24 168.19
683.1 752.37
871 423.78
562.85 276.1
676.08 563.68
143.71 701.04
807.86 221.02
506.24 163.3
526.51 483.93
819.88 640.13
837.12 346.42
796.59 175.48
359.75 816.28
328.26 124.88
519.79 575.24
242.1 623.92
941.68 442.09
122.07 681.54
702.6 279.09
917.17 540.45
637.68 205.91
137.58 284.4
95.31 495.74
884.49 381.18
444.5 578.69
472.09 304.64
569.99 549.18
943.21 593.98
160.19 354.63
245.86 187.17
902.31 486.92
624.44 686.7
813.62 577.29
713.46 591.97
529.01 292.61
463.85 430.77
464.86 606.52
582.23 132.36
512.71 392.1
511.4 722.4
581.62 753.26
162.11 616.6
598.22 891.05
888.58 701.25
766.47 380.66
681.66 754.39
751 768.7
237.5 131.87
446.06 311.99
387.95 341.38
868.5 331.92
142.28 608.72
518.23 358.68
143.56 330.76
262.37 131.9
598.01 271.95
689.84 170.23
446.79 56.89
852.41 285.81
816.55 219.24
282.75 366.22
775.23 775.51
417.68 242.41
251.2 325.85
622.61 654.16
536.39 513.05
601.98 430.52
179.54 806.15
774.56 468.61
768.09 821.99
925.2 561.63
669.82 128.18
397.99 172.73
219.4 672.38
220.44 237.65
554.77 938.11
454.42 75.17
286.61 81.2
311.38 668.75
818.81 467.36
430.28 701.86
247.29 506.55
613.94 420.85
758.93 530.23
430.49 646.5
270.03 791.22
472.15 830.26
61.95 577.41
514.08 410.72
633.53 628.62
843.32 412.15
618.85 832.85
467.27 898.46
610.89 927.82
697.93 474.35
636.25 922.45
511.49 612.11
575.67 782.68
686.36 447.65
107.61 713.71
384.84 660.7
193.46 330
767.91 255.07
299.54 270.85
582.2 451.19
588.24 104.83
792.75 452.89
489.76 260.29
652.09 385.66
833.86 776.54
467.06 682.94
404.68 83.16
696.62 858.33
