326.52 141.67
154.76 709.98
525.19 118.26
486.31 486.22
918.67 446.15
434.55 262.89
413.34 408.4
388.87 48.59
600.3 555.35
277.63 621.88
826.35 594.41
751.67 586.72
816 590.14
475.72 274.64
165.68 180.52
676.84 405.07
333.02 527.09
484.6 338.79
464 538.83
594.16 209.48
899.69 496.63
573.23 824.76
741.23 548.36
620.53 312.05
154.94 400.28
360.52 598.25
925.44 465.96
588.61 834.07
533.25 623
472.03 633.87
486.16 895.93
637.59 373.85
631.4 533.89
682.27 427.84
849.67 185.16
797.91 651.45
761.74 659.96
373.3 700.31
386.3 877.35
207.4 399.09
551.59 846.37
753.62 633.35
414.08 174.05
413.1 409.74
535.6 964.93
494.37 476.03
100.89 299.39
606.34 273.6
616.32 847.93
478.23 510.03
570.21 927.49
212.56 819.73
591.48 163.55
169.84 365.61
172.19 689.6
719.02 755.46
273.54 291.88
630.94 80.39
677.69 457.56
180.15 840.02
479.72 942.5
568.07 287.73
925.11 367.69
244.94 690.94
541 662.53
75.26 627.61
731.38 240.7
441.69 579.12
663.78 264.08
364.79 464.77
567.64 572.86
415.39 267.89
206.4 494.03
47.85 457.84
548.11 212.65
225.01 233.95
683.16 122.1
411.54 354.59
700.28 812.19
509.54 378.09
568.47 918.24
563.4 588.85
486.86 665.06
369.58 372.23
709.74 846.28
342.75 702.96
869.81 737.66
196.48 630.39
404.83 831.2
868.83 608.05
927.34 579
634.85 416.64
777.34 414.44
333.41 621.97
509.9 415.02
876.74 482.56
832.94 447.34
902.1 395.49
321.36 873.74
324.66 134.01
789.21 313.61
551.16 63.91
376.23 806.82
154.21 469.53
344.98 438.49
805.57 395.98
721.64 620.53
108.62 583.73
359.29 872.86
136.11 599.75
707.14 567.49
490.98 899.29
354.38 319.65
416.55 852.38
751.61 775.02
762.96 670.95
390.42 356.94
438.64 673.27
161.75 510.85
588.67 115.12
173.74 233.71
396.71 228.22
414.04 109.16
422.8 868.37
764.34 652.3
929.11 362.59
880.37 681.11
552.32 670.4
185.16 156.8
38.7 441.3
809.11 558.49
513.08 257.39
51.18 536.36
140.9 668.05
712.3 815
197.88 782.59
350.96 314.28
234.44 728.63
926.85 455.43
503.49 947.63
880.89 692.07
572.65 461.35
29.47 500
394.27 392.32
142.37 314.34
667.99 456.83
665.7 439.41
819.42 624.29
781.43 787.68
257.21 119.42
92.53 710.04
500.11 629.63
469.37 933.41
509.72 337.93
294.6 262.28
853.11 543.29
56.95 584.98
741.97 239.94
857.14 400.31
694.02 603.14
324.96 852.44
569.69 883.6
720.05 479.35
368.51 99.67
510.54 564.04
381.3 688.83
684.96 586.69
512.04 857.6
916.5 571.92
253.4 333.41
567.31 374.46
727.84 821.31
146.12 658.07
256.36 779.47
595.54 473.19
916.9 693.11
530.26 558
247.38 190.98
836.12 439.28
615.22 827.75
378.89 430.19
849.09 313.06
927.64 570.88
674.61 268.41
828.3 492.54
561.17 86.64
69.49 682.76
78.89 596
366.19 598.62
778.89 739.83
448.99 754.02
416 575.21
532.67 243.26
776.94 638.6
754.63 789.45
578.75 901.97
241.25 649.71
586.17 468.61
714.01 894.89
315.59 520.31
653.89 603.84
140.72 574.42
512.83 762.5
689.96 791.1
486.37 915.92
346.29 821.53
826.78 828.52
348.67 307.93
956.14 466.35
721.4 897.58
609.88 599.6
203.1 316.51
778.28 766.01
847.22 479.66
426.19 138.52
595.14 196.02
726.8 897.52
306.8 183.17
135.23 353.56
521.53 909.67
486.59 779.29
587.91 329.97
415.88 274.18
694.45 918.45
881.53 318.89
215.34 140.66
488.88 788.2
209.42 434.83
451.03 346.17
266.46 877.44
426.98 863.7
378.83 542.65
252.88 222.08
614.7 443.77
712.76 806.76
813.56 451.64
487.11 255.75
652.3 872.34
355.72 750.54
255.53 630.85
458.72 740.13
221.35 439.44
385.24 491.35
611.47 628.68
865.69 524.67
230.29 188.12
222.88 496.87
730.98 787.65
373.61 662.37
697.93 547.5
645.04 368.21
787.53 354.38
342.11 523.58
453.75 720.66
296.82 764.95
674 66.56
127.81 388.07
363.63 534.04
373 205.48
960.36 538.01
641.74 600.02
634.48 562.27
907.65 318.83
835.9 488.02
249.28 810.11
101.23 285.2
127.17 221.87
58.75 647.05
829.55 277.57
934.72 496.08
474.44 435.74
487.87 407.88
347.82 484.27
537.61 494.95
254.65 628.8
401.72 332.01
488.75 591.2
819.21 268.78
800.1 223.58
427.78 310.68
917.29 606.37
687.77 471.76
112.92 476.76
513.57 424.63
853.24 790.4
684.44 262.22
521.53 474.14
550.65 961.12
483.05 826.87
678.06 329.66
700.19 289.8
674 164.89
692.31 296.37
764.98 221.38
651.69 303.42
798.06 484.21
158.97 748.74
195.26 534.07
204.02 234.78
751.4 770.53
491.68 283.06
672.72 827.14
463.97 601.58
827.57 582.42
472.09 482.41
487.26 644.06
323.01 347.33
364.54 793.27
349.89 373.82
371.04 920.07
570.79 914.55
142.92 410.78
52.31 379.77
378.89 723.72
302.87 303.99
846.13 799.58
160.19 452.19
372.88 909.85
834.93 652.46
319.5 765.59
412.52 313.79
63.2 620.75
534.1 525.99
385.3 710.26
303.57 488.48
530.66 638.36
243.26 367.05
747.61 593.89
491.32 503.28
852.69 271.31
247.38 226.23
259.35 678.21
217.44 128.82
854.37 761.31
134.68 552.32
718.59 783.93
783.84 632.16
70.15 308.62
144.35 531.05
574.54 393.44
908.41 489.03
749.05 328.23
907.49 735.26
619.16 377.94
134.92 663.96
477.16 935.94
830.5 351.21
553.45 912.96
658.04 285.47
314.4 495.44
644.4 134.59
674.21 670.92
454.15 395.15
367.44 562.27
650.07 847.83
790.31 427.87
149.57 563.22
640.25 792.81
203.65 173.92
581.87 368.3
579.39 931.55
616.08 700.16
442.43 280.4
232.34 272.62
163.21 696.77
260.93 231.82
355.82 293.25
803.37 729.58
650.69 555.1
484.66 770.26
247.41 690.6
204.02 428.79
805.48 465.38
787.19 402.91
571.52 264.66
174.17 656.03
547.56 456.92
691.24 458.02
177.59 171.54
414.23 418.26
752.1 554.16
713.37 111.21
572.28 579.33
617.21 152.17
624.5 406.84
659.08 388.44
740.1 856.38
122.38 594.5
523.48 733.27
515.49 228.61
174.75 801.69
187.08 174.6
458.3 478.07
519.15 846.13
539.26 380.11
754.14 189.86
566.7 85.67
718.25 722.25
733.94 94.79
196.66 673.54
709.83 916.56
700.58 582.69
393.41 611.04
445.72 667.96
489.15 868.13
150.15 802.55
583.79 823.21
460.49 667.1
636.74 624.99
472.18 484.3
317.64 116.49
600.09 678.18
848.96 646.47
249.55 177.62
508.99 685.26
594.01 208.96
365.95 253.06
259.19 680.29
291.06 523.09
163.67 639.88
724.81 418.23
621.14 105.75
594.62 692.56
524.74 323.65
520.62 208.69
627.34 463.24
558.37 329.05
611.65 636.01
185.98 382.79
131.41 260.38
72.6 567.34
202.49 698.29
229.38 414.35
524.09 702.44
640.22 921.75
753.23 849.12
434.34 627.92
499.31 134.19
700.49 390.91
245.22 125.77
474.04 863.86
672.48 630.91
745.69 897.46
360.36 870.72
34.97 508.99
944.3 614.8
528.89 944.88
226.63 591.66
446 692.34
52.03 596.3
835.14 778.86
642.23 442.58
766.96 317.03
468.28 318.58
229.96 485.27
121.71 393.41
370.49 556.41
666.34 776.42
298.01 163.46
824.15 596.03
692.92 604.17
485.79 406.38
213.51 790.09
452.68 629.23
471.82 492.42
295.72 104.37
868.1 506.3
641.29 300.18
674.76 307.26
210.76 387.8
822.66 235.02
502.91 717
923.31 553.18
381.94 573.35
736.96 797.45
219.86 392.53
300.18 563.37
525.83 751.09
214.55 553.54
760.89 213.66
888.15 494.13
103.95 543.35
299.63 764.46
205.02 764.12
275.67 447.77
610.03 776.79
749.05 615.41
564.68 878.02
914.58 483.32
647.72 227.55
713.77 743.61
192.14 722.01
536.7 287.48
246.93 727.62
357.71 268.17
583.18 652.76
438.95 479.78
506.21 438.76
730.12 715.29
294.29 680.62
812.16 168.49
708.58 156.99
419.57 653.55
166.26 782.83
216.28 228.13
270.97 361.89
567.13 608.72
738.15 409.16
252.94 547.04
500.35 697.65
742.21 774.87
450.67 782.98
562.94 767.72
637.2 137.33
131.02 708.12
658.74 69.86
466.05 933.26
431.13 138.86
211.83 503.62
298.87 793.3
493.09 873.47
706.69 543.32
746.67 330.45
497.09 244.51
521.01 391.64
394.3 610.43
586.02 398.21
412.18 516.16
773.98 769.37
542.74 246.1
658.74 572.86
713.89 122.44
455.89 115.63
643.97 572.8
635.06 231.57
624.29 128.12
418.71 543.5
919.37 546.43
885.25 256.9
667.68 666.13
134.37 578.48
480.33 230.11
641.47 844.75
164.59 190.95
329.36 235.79
129.31 377.18
535.66 774.65
757.07 271.28
145.97 482.01
258.28 519.21
638.6 59.85
500.41 438.28
228.43 399.64
702.14 523.58
202.15 490.01
39.76 402.17
490.89 73.85
228.61 874.26
454.39 948.88
710.96 513.75
680.29 554.4
898.56 373.7
112.8 434.25
255.53 729.39
757.71 449.57
272.87 748.41
255.99 183.51
246.38 586.57
879.36 348.86
488.3 244.06
500.84 519.06
516.28 616.53
782.46 202.31
326.52 272.62
567.52 515.27
165.2 506.7
903.07 531.11
932.04 587.33
671.07 420.24
450.12 283.73
246.93 763.7
99.25 620.17
419.32 601.61
789.15 626.94
653.31 135.38
697.74 279.73
502.43 886.72
201.36 481.34
589.95 56.79
863.67 564.38
367.47 935.36
721.58 129.31
399.24 232.52
561.94 942.41
575.18 146.67
654.68 417.98
902.46 717.18
194.62 319.1
809.81 641.22
240.58 680.96
791.41 795.89
383.98 488.3
544.54 848.63
755.79 138.25
307.38 894.71
215.4 405.32
679.71 923.4
694.51 266.73
334.82 658.8
358.38 746.73
741.54 200.87
679.1 243.45
349.65 744.19
599.02 378.25
155.86 394.06
710.84 173.25
129 769.22
216.41 600.94
280.25 210
964.51 528.52
774.38 209.02
462.42 86.28
394.15 437.54
390.27 831.78
463.18 636.34
609.39 628.19
488.91 470.17
249.09 663.63
320.26 370.92
491.16 717.58
565.75 73.18
727.77 311.87
655.51 830.62
706.35 318.8
241.86 849.64
721.95 715.45
945.83 478.84
734.86 649.68
762.14 558.49
154.55 752.4
276.71 821.86
173.19 737.85
632.77 507.22
729.18 458.48
791.65 609.12
64.64 397.6
530.29 547.65
319.01 825.07
475.02 635.58
735.26 92.51
637.23 382.27
883.79 319.22
243.45 128.18
481.61 931
152.2 289.96
444.59 860.38
248.12 525.83
232.37 811.73
523.06 901.7
727.2 687.58
339.18 576.4
800.96 563.49
589.8 151.01
487.38 654.77
712.91 546.53
454.66 703.85
705.89 289.28
940.06 469.95
477.65 535.72
335.09 423.84
661.03 849.3
520.8 911.92
502.76 591.45
780.36 233.13
215.83 672.41
662.07 858.82
540.45 872.68
666.1 651.42
963.5 459.61
369.4 52.37
445.48 402.48
235.48 786.03
150.46 712.49
115.57 460.65
617.08 668.08
467.64 892.54
603.6 643.6
365.06 945.52
260.66 145.3
257.12 524.43
714.59 267.1
443.25 305.73
369.06 255.56
232.98 833.98
846.13 377.58
539.81 901.85
413.74 151.98
411.73 819.76
701.56 236.18
99.49 585.92
861.63 214.42
288.46 150.94
363.81 661.64
446.67 92.65
541.55 363.93
266.24 669.24
584.43 807.28
45.5 574.08
867.15 267.13
189.61 791.92
748.44 562.82
645.59 586.47
782.13 624.5
308.85 760.28
515.67 293.13
593.13 945.77
848.32 616.23
314.86 424.3
342.72 758.84
761.5 205.05
405.8 50.48
351.82 313.55
615.96 291.79
577.2 96.26
596.64 561.24
492.81 102.42
919.34 454.76
620.08 119.17
677.11 645.62
724.14 569.32
476.09 599.05
358.71 543.26
551.62 482.65
394.82 321.39
776.85 417.31
513.87 933.5
488.78 467.39
406.26 326.46
79.59 609.58
63.14 624.16
519.3 569.6
300.88 692.34
566.15 887.69
331.8 559.86
334.57 713.4
901.49 457.47
416.79 357.62
476.55 601.73
361.92 429.46
416.43 685.11
295.14 401.87
293.16 361.71
164.37 639.18
634.11 393.05
203.65 233.74
683.22 336.34
613.91 300.52
305.25 522.48
881.95 513.75
756.98 304.24
252.78 871.85
413.16 716.39
501.48 501.97
398.18 123.42
885.31 749.11
322.15 771.2
434.61 367.41
436.2 219.61
626.03 458.72
339.4 456.92
637.71 559.34
710.72 83.59
724.97 188.73
874.6 258.92
260.17 853.76
600.88 316.51
176.82 439.01
450.91 310.1
681.3 121.19
441.48 159.76
670.16 535.29
74.56 581.56
599.81 686.57
245.89 131.29
791.92 394.48
901 658.93
392.1 153.66
539.9 205.82
722.01 168.22
735.44 145.63
590.69 694.94
165.07 602.83
654.56 175.33
772.24 442.88
729.88 422.83
830.04 206.37
615.16 280.65
592.61 279.67
204.6 406.45
565.97 207.92
173.8 340.4
928.77 557.08
135.17 230.75
730.37 346.63
230.29 648.82
909.97 693.14
424.39 696.77
376.51 296.67
670.64 588.21
263.77 639.64
318.92 537.77
579.18 456.43
34.61 527.18
410.87 526.6
757.29 672.93
732.96 268.11
791.41 649.13
851.28 244.51
588.76 915.07
565.69 105.62
369.34 350.93
317.91 491.62
816.43 594.81
48.92 618.15
228.49 319.74
189.49 291.85
923.89 489.24
185.89 322.21
530.78 304.06
532.91 463.36
531.48 117.44
382.55 836.12
275.43 418.32
524.43 349.25
702.6 887.26
915.37 637.01
577.68 488.08
425.64 194.13
134.74 488.78
447.46 832.91
681.51 219.09
425.61 491.01
609.76 564.01
503.56 576.19
557.3 861.87
594.1 104.53
471.51 692.89
510.76 765.01
507.46 852.53
648.34 154.12
606.74 415.63
89.97 386.24
171.85 394.94
450.82 967.95
716.85 137.24
773.28 780.54
691.98 620.29
80.87 510.76
562.18 428.45
408.46 311.75
733.12 756.46
794.15 558.98
308.91 486.01
493.76 893.92
454.85 869.56
612.9 820.64
500.23 580.4
458.39 497.54
774.93 367.2
522.11 263.71
915.49 343.58
369.67 478.93
732.47 295.63
931.3 659.75
235.54 722.31
626.73 297.46
398.97 352.55
873.29 648.7
364.02 430.77
79.93 620.84
923.12 571
474.38 189.52
369.4 550.55
254.43 671.77
519.85 114.26
611.35 482.68
539.9 402.75
610.07 653.95
431.04 792.9
199.44 182.99
474.11 264.5
43.86 462.51
811.03 828.7
456.86 416.97
838.04 664.17
436.9 308.05
797.97 504.1
900.57 539.08
522.23 229.62
577.84 299.26
629.72 836.66
209.42 322.89
333.99 244.7
82.89 429.12
592.73 641.07
397.93 238.35
135.26 243.69
539.69 711.11
748.77 289.99
947.5 354.6
458.14 410.17
357.4 138.46
328.93 451.09
620.56 154.15
346.39 842.49
756.71 890.26
110.51 338.39
234.23 571.46
696.04 782.13
38.61 542.8
255.53 802.3
524.46 518.23
813.47 326.15
408.76 351.15
296.52 613.15
294.53 588.61
495.68 493.85
578.97 871.36
491.2 220.37
528 835.81
571.52 833.92
797.75 674.18
177.92 456.47
905.55 412.64
885.56 239.72
92.26 587.51
308.24 489.15
198.64 482.86
383.86 944.82
395.31 368.02
110.39 502.33
221.35 263.99
384.11 238.26
656.94 83.9
374.55 426.16
86.21 404.98
619.65 648.7
274.7 279.03
620.87 269.42
915.34 524.64
590.23 609.06
395.37 871.15
153.14 356.67
364.73 607.99
573.87 372.02
176.95 247.72
471.33 91.92
645.59 628.47
429.06 538.87
896.82 594.47
504.78 100.16
651.23 605.09
566.61 780.72
638.78 674.15
310.01 229.01
480.61 920.38
857.05 260.99
645.56 75.5
229.56 265.05
677.02 352.21
694.45 761.1
190.83 783.59
546.37 573.84
226.87 512.16
551.29 958.59
753.2 255.13
786.71 495.22
713.58 766.32
361.4 143.53
517.38 510.18
864.04 279.85
677.97 813.96
113.8 494.58
799.62 176.82
765.53 546.74
751.88 212.68
533.59 954.68
559.28 584.67
162.08 454.85
112.34 449.63
395.89 819.03
758.66 169.71
599.66 536.21
159.7 694.42
260.9 390.82
736.26 482.31
446.91 876.06
967.95 549.18
555.38 160.25
702.96 697.1
287.09 414.72
158.36 260.75
422.71 679.46
731.62 457.14
329.51 657.37
663.01 187.69
641.07 145.3
742.79 882.84
375.84 525.99
582.02 212.5
471.63 103.4
537.28 551.32
668.45 391.61
841.82 602.37
576.43 618.98
901.33 411.88
545.27 436.48
528.92 533.16
437.03 191.9
378.8 410.2
199.29 703.05
515.82 794.55
240.42 257.21
314.25 81.58
307.57 344.07
750.33 857.3
872.77 373.79
410.53 202.8
732.29 649.22
209.81 611.04
607.14 173.41
538.47 744.13
604.45 729.73
320.66 891.32
408.37 706.78
195.87 174.35
679.68 686.48
62.35 352.92
905.76 436.23
390.58 51.7
511 259.74
548.57 623.8
116.34 705.92
247.14 374.8
194.37 258.43
606.77 113.5
633.84 860.56
510.85 45.5
693.2 539.63
469.77 617.3
761.13 599.38
688.86 867.06
714.62 358.96
364.45 533.8
355.6 904.08
249.67 542.01
468.37 615.65
456.53 423.05
543.78 157.29
779.81 852.78
323.62 808.01
265.21 859.43
588.79 135.72
240.94 197.61
751.79 572.13
392.62 521.5
558.61 91.68
312.51 429.61
520.37 79.44
204.02 600.76
265.76 679.28
790.89 166.69
714.32 574.45
355.33 805.38
588.12 793.12
105.9 291.42
655.08 176.15
476.58 920.9
546.4 151.34
321.27 69.61
509.14 790.73
663.08 736.29
421.89 220.95
545.03 724.51
562.91 733.21
264.5 424.54
541.4 323.4
309.61 664.39
229.68 435.44
241.62 667.44
662.25 672.08
544.82 869.93
614.95 68
456.1 907.62
147.22 655.11
247.41 349.83
137.73 470.23
819.36 383.34
658.22 403.24
548.42 204.14
767.51 573.17
906.74 441.15
372.88 52.06
852.5 653.61
244.06 286.48
274.48 470.87
358.32 451.09
852.17 276.56
623.92 709.83
599.05 398.21
377 481.22
730.03 573.11
811.82 309.06
125.95 403.18
812.98 699.94
277.05 458.17
797.88 767.82
476.58 238.11
558.89 473.22
521.81 237.22
299.91 607.47
330.33 328.1
677.18 850.43
226.39 518.17
562.85 631
432.84 670.19
544.82 115.39
456.4 866.6
62.56 516.8
562.21 97.6
288.4 388.99
376.48 121.92
534.87 529.37
802.58 843.1
749.84 618.03
728.26 313.24
131.08 499.83
805.08 519.67
390.85 515.03
81.15 611.19
702.41 784.91
769.25 719.93
678.76 629.96
353.31 285.68
417.65 285.62
572.62 657.52
209.3 702.41
682.73 700.46
108.16 480.48
143.07 618.76
832.27 337.6
899.69 491.13
539.23 181.86
206.7 470.6
573.29 353.25
936.25 357.65
265.39 476.94
642.6 710.56
266.34 868.43
271.55 490.04
630.79 559.86
276.71 556.08
390.76 533.86
663.23 866.27
234.63 524.34
169.93 195.07
372.2 308.18
754.48 638.87
858.46 453.84
787.59 279.67
264.47 603.96
172.09 803.19
117.95 406.54
771.17 698.54
215.4 179.42
665.43 906.09
506.85 808.01
878.84 389.51
249.95 305.22
287.76 220.62
303.57 341.41
622.76 825.53
689.57 490.43
446.76 793.33
536.03 493.61
111.85 350.54
752.8 540.33
647.42 59.18
698.51 435.35
769.62 442.7
54.57 576.92
681.66 615.28
781.27 751.4
266.49 549.3
323.65 860.44
870.78 640.8
219.28 602.77
788.29 510.39
148.14 402.2
543.05 788.81
699.58 544.33
215.83 272.77
320.57 722.13
780.69 621.6
130.59 763.7
117.95 592.88
457.5 810.24
98.73 682.88
612.08 187.38
649.74 367.32
392.47 808.04
513.53 764.7
735.71 666.4
791.89 816.71
577.04 175.85
86.92 689.75
679.01 70.41
868.31 751.12
194.56 324.47
404.86 373.85
236.7 769.52
526.47 759.48
291.18 458.45
805.75 307.93
395.4 172.7
756.16 655.57
320.26 801.32
740.75 850.58
344.98 250.16
550.74 774.04
709.13 649.13
450.82 32.05
338.85 405.53
331.1 721.92
831.23 732.35
351.94 416.36
277.23 561.08
523.73 452.53
760.03 644.25
462.48 833.83
267.89 389.02
51.97 595.08
286.14 405.68
477.13 118.59
641.32 638.48
838.19 702.08
448.77 98.82
643.94 219.55
549.58 931.85
219.98 472.43
793.42 782.04
327.68 314.07
511.64 868.04
193.4 808.65
364.02 468.67
419.93 537.61
469.04 725.15
264.74 907.49
577.84 247.38
542.99 631.79
274.21 613.91
232.7 122.2
779.23 204.32
213.32 795.65
607.5 90.82
598.32 560.29
650.41 664.51
631.64 613.51
783.14 133.09
392.99 525.22
368.79 689.11
390.03 205.39
793.88 325.75
880.61 644.92
302.56 242.38
74.95 411.51
689.9 579
193.33 799.8
248.85 746.33
270.15 499.1
363.51 758.66
118.44 456.5
624.07 659.66
187.54 451.58
361.98 286.39
756.86 482.96
786.22 249.7
785.64 759.36
511.19 484.39
636.22 194.34
294.87 720.69
604.42 939.97
62.56 538.93
381.6 125.61
315.01 269.23
702.87 393.78
48.25 606.74
828.03 662.98
594.96 189.12
634.14 922.61
768.21 853.97
225.62 718.62
691.4 83.25
480.45 560.38
597.74 405.26
207.8 848.99
106.51 308.02
900.54 685.54
825.4 547.81
575.18 547.44
259.56 860.13
281.81 204.41
455.55 572.41
329.2 82
218.36 731.93
602.56 719.17
67.69 435.22
349.83 845.61
334.12 516.83
796.69 654.29
604.94 215.28
497.85 173.99
479.81 342.08
567.95 496.81
257.64 732.72
593.55 125.83
227.76 327.07
809.53 534.07
805.08 276.86
651.36 726.16
703.3 277.93
203.31 476.88
291.09 563.65
143.19 433
317.7 383.43
580.83 642.38
484.36 415.05
143.1 228
177.28 183.87
701.93 731.38
845.42 317.21
449.05 297.31
271.68 188.39
630.18 672.29
764.76 750.39
746.15 175.94
310.56 108.68
186.04 805.78
215.06 735.59
173.77 568.47
960.24 402.17
665.7 366.37
542.44 52.58
289.47 129.73
897.18 407.33
907.77 408.92
83.93 592.49
132.69 489.24
408.58 329.84
505.78 459.4
158.79 311.2
808.68 832.45
571.49 346.75
273.57 545.27
643.57 899.23
470.53 766.17
80.78 682.27
292.03 569.32
870.27 711.17
611.99 101.32
771.32 598.83
349.53 660.73
747.7 793.73
629.51 423.47
869.5 316.32
854.73 538.53
379.53 766.81
611.87 342.63
387.74 922.27
296 597.03
781.61 653.86
192.21 312.51
643.51 380.96
58.75 610.34
680.68 725.61
678.85 720.69
779.2 698.9
937.86 450.97
100.07 384.29
378.83 312.3
409.07 539.02
723.41 691.4
841.76 469.1
403.97 771.2
233.77 399.64
235.15 862.58
367.93 850.58
421.49 106.85
184.94 523.76
502.06 146.79
281.62 745.72
626.09 540.48
682.42 161.08
831.54 541.46
626.39 92.17
916.75 560.93
406.23 279.03
279 776.76
445.02 289.25
708.79 594.99
725.42 611.62
354.6 947.5
653.1 690.42
305.34 777.37
418.32 802.3
795.71 681.81
918.45 640.43
505.6 631
296.09 447.92
238.01 569.9
650.99 128.15
306.68 746.36
837.58 552.17
355.36 78.89
86.58 295.72
222.33 727.62
281.29 620.11
478.59 154.76
242.01 521.16
273.02 623.65
412.88 874.78
440.99 64.06
197.88 382.37
305.73 831.69
657.22 175.18
523.82 611.53
350.14 207.43
475.75 464.09
677.24 328.96
523.33 922.76
688.86 615.86
809.44 220.07
815.91 659.96
389.08 450.39
732.69 783.38
943.45 375.99
292.67 541.73
370.86 933.32
260.08 246.65
858.33 392.74
930.88 643.67
769.34 363.32
878.84 308.69
466.48 240.58
725.09 345.99
835.35 363.23
135.04 223.24
836.97 592.91
337.99 151.22
803.89 355.63
311.59 689.6
567.8 140.14
237.34 717.28
933.77 621.69
127.23 657.89
650.04 814.75
544.82 347.45
464.4 528.64
621.6 393.57
828.7 195.65
922.21 409.47
222.39 843.68
646.81 195.04
301.95 352.73
706.5 765.07
815.36 730.09
58.05 550.37
665.15 62.99
690.73 685.2
595.63 289.9
365.76 102.36
80.08 702.99
669.79 83.99
902.01 330
708.27 162.21
827.48 655.69
150.49 400.95
924.89 587.18
443.04 571.03
502.46 539.2
698.81 231.6
638.97 928.37
439.31 528.4
617.45 114.9
328.14 72.97
680.41 845.55
348.52 463.09
468.52 519.39
622.55 523.76
226.23 684.16
313.39 398.48
779.05 567.52
399.61 847.29
562.55 71.54
591.27 358.23
180 543.41
876.8 376.87
563.13 883.72
35.77 480.73
241.62 272.96
597.52 250.01
825.59 726.43
592.7 562.3
246.5 632.5
835.66 546.62
740.93 810.6
240.97 740.23
818.08 223.82
620.96 79.93
895.78 637.32
96.01 542.44
602.92 636.22
742.3 662.86
177.04 328.68
866.51 346.78
671.38 72.63
390.3 198.64
529.98 487.14
401.56 723.96
789.76 303.69
273.48 528.52
184.42 486.37
673.24 628.99
329.51 674.64
349.35 544.11
755.73 875.36
326.67 820.92
457.32 700.06
488.05 158.88
791.25 211.07
275.19 652.91
476.36 454.05
723.32 169.35
751.4 413.68
317.42 486.43
182.04 457.38
134.25 327.13
382.06 903.99
61.92 614.43
901.94 420.94
570.3 949.77
629.9 269.75
98.7 621.57
757.74 533.43
258.64 611.07
414.35 588.64
316.69 869.41
547.44 741.02
570.7 875.42
426.5 807.82
418.56 706.5
200.81 710.96
592.39 850.64
453.81 754.3
291.82 555.35
57.77 407.18
81.21 515.09
477.74 400.16
825.07 563.62
241.19 135.47
350.78 472.95
914.98 324.96
371.47 112.13
834.93 228.37
739.04 391.34
280.4 756.16
356.67 602.31
832.76 412.92
837.86 626.7
889.13 255.68
310.71 677.88
450.15 56.64
333.84 111.88
854.06 301.13
235.79 227.79
210.79 386.09
799.43 456.28
817.87 327.95
291.12 334.45
315.1 331.98
287.73 738.76
200.42 146.34
526.69 697.56
669.03 296.15
918.27 656.67
856.75 566.85
337.11 329.75
52.5 645.4
216.77 282.2
326.98 384.93
387.59 89.85
633.17 210.55
239.75 509.93
790.83 441.05
210.36 646.23
895.9 609.52
177.8 553.82
57.56 527.45
45.08 598.53
454.54 331.22
885.98 610.34
136.42 434.03
247.78 795.5
107.91 660.85
86.34 654.13
802.21 500.66
770.01 693.47
751.37 524.09
573.2 204.29
834.62 296
433.06 861.2
606.68 395.25
110.26 755.88
848.78 775.41
634.78 698.69
384.41 337.02
477.43 926.11
405.71 253.24
61.8 451.34
731.07 364.85
91.13 390.27
476.39 514.97
265.57 642.66
440.75 310.92
250.19 253.12
871.61 366.16
636.68 649.98
185.16 150.33
368.57 495.41
683.52 384.99
941.01 480.79
631.58 739.52
412.4 69.19
575.82 614.55
353.31 479.84
848.63 666.77
592.61 613.12
558.7 217.57
702.9 514.91
813.56 597.77
706.75 873.04
191.81 420.67
763.79 388.93
819.15 304.54
777.21 752.43
150.33 185.16
358.1 192.08
85.85 360.18
805.35 581.84
498.92 58.11
565.94 667.32
445.11 496.29
797.85 201.36
546.37 904.6
640.71 710.72
473.68 48.49
884.76 738.33
457.47 860.29
271.37 778.68
737.48 811.21
63.51 414.72
425.03 252.91
481.77 159.25
203.04 216.22
543.2 555.56
478.35 828.03
531.94 118.99
819.39 382.79
569.54 215.8
645.44 787.8
957.09 489.79
781.12 704.98
641.01 906.77
797.81 830.84
800.16 626.03
629.96 624.23
647.39 214.51
311.2 719.57
647.02 146.61
82.64 627.86
459.12 484.18
329.36 220.74
844.57 346.42
419.69 867.03
812.22 749.38
216.83 685.9
522.17 505.51
356.94 841.06
444.69 451.74
519.24 923.43
482.38 554.58
257.52 485.12
861.35 424.82
155.98 362.74
284.19 236.03
708.18 380.57
941.34 438.4
864.83 763.94
238.11 681.39
238.01 765.74
140.78 431.44
291.57 883.91
573.72 898.53
858.03 327.65
924.74 464.67
303.78 551.74
585.83 428.48
729.58 848.38
397.84 615.38
114.41 413.68
872.31 690.6
363.69 329.02
873.1 238.65
694.91 528.28
339.34 720.21
392.71 657.86
330.3 461.75
464.43 235.51
174.02 335
441.97 342.02
433.27 732.14
777.49 336.71
510.3 124.52
310.01 869.78
739.8 287.91
250.5 797.33
587.15 225.1
663.99 414.14
366.83 389.14
730.46 475.48
766.99 337.57
715.72 535.91
532.43 142.46
438.73 629.2
944.73 463.91
629.72 100.22
870.3 259.04
765.04 423.02
878.11 400.07
171.42 553.36
625.78 599.17
433.7 681.48
167.55 182.65
732.38 752.83
818.93 329.63
896.42 721.24
706.08 769.43
837.82 421.31
788.6 392.07
170.75 391.31
585.83 552.42
271.71 621.57
454.63 590.17
474.01 386.82
105.81 605.33
550.83 641.5
310.22 815.27
947.39 618.27
684.44 367.87
575 644.64
287.7 280.62
102.88 492.05
749.38 623.62
704.83 386.15
677.6 607.62
388.13 605.82
227.03 560.66
903.78 398.63
162.66 559.13
772.42 359.66
500.84 45.26
678.18 593.74
90.24 646.17
39.76 597.83
614.86 855.19
483.05 761.47
314.77 365.46
309 253.52
526.23 875.24
369.46 635.55
716.12 641.5
757.13 330.18
565.63 352.49
941.53 538.01
520.65 167.88
205.63 358.47
544.36 683.83
369.37 315.01
477.89 129.86
649.71 543.35
361.71 332.13
399.91 623.19
853.42 495.44
344.19 467.15
638.78 144.51
139.13 398.45
927.85 555.71
827.23 298.84
305.86 910.92
659.66 208.38
111.09 563.83
735.26 907.49
150.67 625.93
409.22 148.44
395.46 341.29
46.02 493.97
396.65 650.01
403.58 908.05
680.81 259.41
170.23 492.87
294.14 248.45
814.69 818.17
232.03 625.23
317.97 792.11
704.43 488.27
499.59 101.38
716.18 128.15
71.93 355.2
254.49 535.75
885.95 489.49
508.93 82.98
596.18 453.44
882.08 522.17
505.84 438.55
525.38 572.53
307.29 728.87
230.57 748.16
662.1 416.12
478.44 382.34
706.08 204.47
73.37 555.41
799.62 626.48
76.51 607.72
850 675.59
90.79 593.1
378.55 927.85
714.77 94.15
641.56 189.86
188.7 653
201.45 260.93
881.56 381.91
688.62 585.83
859.19 657.37
368.57 536.24
773.34 409.71
253.94 572.07
232.8 402.78
624.74 729.42
835.6 336.34
952.33 587.24
221.81 236.58
326.67 482.74
746.82 224.07
565.02 246.19
379.86 394.27
39.25 544.94
689.93 817.35
602.92 677.88
852.72 544.45
73.98 410.87
904.39 569.26
750.18 441.94
428.36 757.99
428.88 551.96
101.38 405.5
867.18 472.79
312.45 809.63
812.1 195.47
755.09 800.04
434.86 898.5
907.68 296.12
325.97 363.2
405.32 529.13
657.77 590.62
824.92 669.42
715.63 246.86
933.04 415.17
618.43 931.42
171.91 574.82
666.31 641.32
514.42 740.35
808.34 645.89
672.23 485.46
341.29 470.78
740.84 206.58
727.2 675.01
319.16 375.32
686.21 142.74
831.26 260.26
566 389.17
529.16 315.81
673.24 214.09
556.17 836.63
514.08 137.61
422.9 397.78
586.02 367.78
427.81 197.15
44.37 526.6
736.2 241.65
368.05 85.36
715.29 259.9
414.62 738.43
441.69 692.25
206.7 323.53
116.82 432.17
521.04 287.82
412.58 267.74
196.42 663.69
794.64 426.16
140.17 473.53
635.98 506.3
483.9 488.14
125.71 423.66
458.42 764.95
779.23 756.61
798.46 146.89
403.33 934.11
545.3 782.37
315.65 112.61
640.13 475.63
695.12 418.68
921.75 431.68
223 250.28
370.49 686.54
873.04 721.4
874.51 489.24
380.5 346.32
619.5 487.23
576.77 727.44
726.77 805.32
647.11 609.7
597.55 489.06
303.29 731.62
189.64 382.24
453.44 376.9
577.32 840.14
324.35 609.79
370.89 240.61
656.27 383.28
660.05 284.71
491.53 868.4
526.57 343.36
545.88 399.09
687.77 834.38
312.08 893.34
305.19 506.73
379.22 464.64
196.94 243.05
250.19 668.84
379.01 816.13
243.51 200.08
139.77 525.47
880.03 499.68
321.54 654.62
235.51 324.26
348.28 551.65
455.06 423.93
702.99 740.01
270.18 724.23
595.69 590.59
347.76 640.98
195.59 343.82
618.55 669.09
295.21 377.97
71.66 681.45
718.38 795.83
707.48 549.79
365.49 472.06
610.92 687.34
172 695
420.12 610.03
701.62 671.01
233.83 552.63
753.87 164.59
657.86 81.18
363.08 578.08
101.93 470.6
516.83 909.97
573.78 495.28
780.66 601.98
257.7 829.71
110.11 449.17
882.9 753.9
549.64 660.48
161.26 675.95
218.76 532.27
364.21 244
899.11 286.2
854.3 409.83
434.22 53.25
306.89 875.39
697.07 605.24
397.23 62.84
667.35 371.65
240.06 586.81
502.76 950.25
329.72 601.34
329.33 697.93
793.36 218.12
555.44 491.26
776.45 630.42
279.79 296.85
52.77 467.02
233.25 666.86
845.18 423.17
412.64 841.67
158.51 507.03
731.89 243.63
656.58 551.29
482.13 417.22
362.07 259.1
927.4 681.81
488.42 915.56
511.76 287.18
178.44 623
580.52 433.21
862.21 670.16
292.98 789.91
658.41 76.85
444.5 344.95
920.44 615.99
653.43 435.9
102.88 462.42
590.96 218.27
320.29 426.89
632.68 932.28
301.68 831.57
499.1 710.93
563.62 730.19
827.33 422.53
445.17 47.67
443.25 504.14
507.89 649.74
127.69 395
201.09 442.82
42.88 419.35
564.99 234.23
614.8 688.56
194.68 293.71
781.88 576.37
71.81 481.19
467.91 657.86
754.39 615.62
629.69 143.25
387.68 441.18
285.32 611.32
318.43 725.12
670.46 589.86
223.85 131.9
530.41 81.24
282.57 531.6
443.37 154.36
711.84 254.59
620.87 118.05
599.75 451.28
858 700.74
643.7 922.12
701.9 206.52
593.83 929.01
330.21 712.45
889.52 642.48
335.37 239.08
349.41 281.69
564.71 39.58
373.91 118.81
41.26 556.02
146.37 355.75
717.15 615.77
266.37 413.4
761.31 594.29
830.77 593.4
798.88 823.91
855.68 285.01
387.34 516.19
501.39 892.97
443.65 197.58
248.79 247.6
111.97 360.79
610.25 831.2
550.52 927.09
240.82 665.94
396.92 745.14
736.87 484.33
937.32 392.1
386.94 423.78
451.7 844.84
504.26 461.35
887.6 391.71
344.52 158.42
823.21 576.37
667.01 623.52
525.77 223.88
254.13 271.46
768.73 550.4
212.65 638.42
781.27 789.36
864.99 609.42
148.99 650.38
406.2 938.38
805.08 250.43
359.63 559.19
818.75 623.4
929.85 691.38
251.35 727.81
360.18 664.3
189.03 437.85
863.86 437.51
428.05 221.08
154.24 764.31
555.35 361.06
557.82 37.32
154.45 340.59
221.99 173.71
623.37 505.91
225.87 277.26
426.59 354.56
263.22 340.04
559.98 472.24
749.29 186.65
638.87 779.63
405.62 276.8
465.83 538.01
817.22 341.53
635.27 796.17
760.98 303.05
530.75 295.02
132.15 314.37
688.89 800.99
628.22 850.03
633.96 181.74
597.13 402.72
564.99 284.19
922.24 631.15
607.87 388.1
353.34 728.78
367.53 711.97
681.66 519.12
919 485.46
674.73 578.39
430.34 93.23
224.98 637.96
742.76 290.35
575.24 240.39
359.51 542.68
218.73 472.4
490.4 725.85
148.23 429.33
831.2 667.44
689.05 136.2
449.45 472.88
231.54 813.72
810.36 632.16
698.42 566.33
277.78 152.32
539.2 93.91
369.88 248.66
333.84 94.79
929.85 308.62
527.94 238.32
503.65 578.45
748.34 585.86
718.1 276.1
480.61 631.46
328.99 123.2
549.97 560.47
261.97 460.01
632.77 876.98
851.28 375.68
256.94 360.42
71.23 350.51
755.24 615.8
903.04 654.74
398.79 151.13
494.74 499.53
366.28 659.14
921.51 304.3
205.54 769.89
868.07 650.93
218.09 825.4
408.49 949.43
439.8 177.53
192.69 397.26
728.26 316.75
738.67 379.31
796.35 447.92
526.78 464.16
805.57 794.82
202.06 737.42
298.44 748.37
596.61 166.51
487.5 808.86
362.38 537.22
660.54 917.39
198.77 680.32
659.72 126.77
614.06 306.38
407.09 284.4
476.85 838.01
204.23 460.95
880.7 539.54
625.11 827.94
402.94 941.47
593.43 160.59
412.85 725.97
283.33 501.45
535.39 792.26
175.6 373.58
805.38 723.65
744.93 680.96
461.62 147.59
122.23 250.56
923.55 654.19
568.8 225.93
329.29 378.37
903.32 563.43
623.98 582.78
359.23 704.83
272.77 615.74
363.84 536.12
758.57 218.67
854.92 674.03
815.06 184.12
438.25 878.35
590.72 935.36
217.44 639.45
419.69 886.93
596.27 101.75
422.99 146.82
376.72 311.9
141.85 438.98
497.94 635.73
281.87 654.5
634.3 809.69
215.95 869.29
784.57 437.91
705.47 444.35
430.65 879.91
756.31 608.48
646.5 133.03
218.76 783.99
865.72 476.97
235.85 424.76
610.43 94
147.47 604.42
32.05 450.82
324.44 94.52
190.01 777.64
618.58 106.17
646.72 411.11
271.86 791.8
733.67 478.77
804.32 826.17
221.87 781.18
511.03 937.8
382.98 235.72
518.17 431.53
61.25 607.04
809.47 217.14
854.82 388.38
861.63 479.42
235.69 471.21
714.53 338.97
205.73 503.95
66.32 444.04
314.22 191.38
422.19 496.87
738.94 334.7
921.02 523.12
688.01 617.05
57.44 457.11
622.67 303.35
416.06 52.55
402.39 525.59
286.11 170.29
412.49 224.43
499.53 855.1
880.18 304.48
708.03 442.03
753.56 306.71
155.71 671.53
297.4 787.9
124.06 545.43
286.36 586.81
763.88 350.41
678.4 608.97
191.08 503.46
816.37 699.45
369.64 546.59
515.18 425.12
806.15 156.38
800.2 797.75
231.12 576.25
819.15 750.82
794.31 263.1
214.67 318.61
532.64 607.53
848.6 378.28
580.83 447.43
377.42 640.28
34.82 542.1
404.16 190.89
814.84 150.33
342.39 769.55
511.76 153.54
555.41 838.44
612.75 651.54
254.22 376.42
456.68 662.1
848.51 204.41
475.39 92.99
108.37 478.65
555.59 950.47
821.89 740.32
784.81 558
99.77 645.8
727.56 121.1
129.03 724.69
295.91 134.98
749.99 415.88
662.62 358.5
914.24 683.16
709.46 285.26
132.3 751.85
258.43 601.55
608.08 107.43
673.12 423.02
417.89 443.19
606.56 91.68
131.96 760
421.77 921.32
100.47 632.65
140.42 274.79
260.63 243.32
653.77 309.18
295.48 140.57
708.64 649.16
529.74 372.91
114.6 397.47
559.53 937.47
283.91 754.26
700.67 462.54
853.66 710.29
370.31 240.85
725.09 670.31
70.15 691.38
492.36 294.17
628.5 907.59
219.86 347.51
731.44 897.7
549.21 132.3
187.57 544.72
934.39 632.86
286.11 909.88
299.26 815.58
314.13 872.71
697.1 744.13
447.49 860.07
449.26 704.09
619.56 409.74
751.3 247.93
720.91 332.65
83.74 294.44
612.69 74.19
551.38 142.22
207.22 207.89
487.32 126.62
908.44 358.38
660.63 650.5
470.69 96.56
420.15 702.84
281.56 414.32
753.87 226.42
721.55 839.05
154 278.42
687.64 353.25
810.48 402.3
259.29 722.13
772.21 449.23
352.43 650.07
805.2 486.1
632.98 238.32
769.89 546.16
406.93 605.06
121.95 379.41
522.69 329.36
373.82 430.56
439.37 127.32
665.88 506.15
328.14 202.37
694.6 507
474.72 84.69
438.58 814.02
935.7 558.85
745.26 260.38
785.67 577.35
861.02 249.98
894.71 353.19
356.36 899.84
43.64 490.16
414.78 654.56
804.22 291.3
841.79 644.95
902.43 536.85
689.99 730.67
469.74 895.72
559.68 895.81
462.81 550.1
202.49 628.99
319.04 478.56
396.47 697.1
401.07 664.27
261.91 351.18
84.93 482.1
186.04 815.15
923.46 457.17
244.36 324.5
438.22 497.02
233.62 446.42
555.35 441.18
282.14 355.02
575.15 420.36
402.66 297.86
397.99 304.27
773.58 876.86
306.59 479.66
836.3 364.39
346.93 258.83
764.43 564.59
591.63 592.46
333.45 386.49
655.2 465.47
79.78 351.66
864.59 369.12
139.35 236.24
444.9 654.38
594.93 371.84
334.88 683.13
70.38 680.53
49.87 572.56
598.1 243.96
518.78 394.48
154.88 747.83
736.75 796.41
816.55 176.12
726.55 458.72
798.85 607.62
827.3 519.64
135.2 215.98
675.16 241.46
66.26 455.67
890.84 690.76
728.23 543.78
93.94 610.68
585.47 505.66
453.05 261.88
485.27 434
944.85 475.57
790.83 331.31
125.8 370.89
620.5 805.2
285.99 732.69
545.7 958.46
389.26 684.77
417.25 439.99
503.71 121.52
727.2 373.94
587.15 673.7
731.44 523.33
369.43 596.82
824 294.96
888.58 554.52
597.31 461.75
448.01 82.37
282.17 496.6
236.27 647.11
688.56 751.85
471.24 668.75
258.61 693.17
706.26 563.55
372.17 165.5
545.46 373.49
743.1 301.19
441.88 627.12
592.91 601.21
264.32 240.88
428.94 298.26
530.01 395.12
380.02 401.14
761.47 856.11
205.05 280.62
123.54 574.94
129.73 437.06
962.71 540.67
216.56 797.6
423.02 610.8
847.01 264.6
558.18 762.5
222.11 142.55
432.02 65
200.54 574.79
653.98 204.35
296.52 811.49
739.22 231.09
351.66 437.09
631.98 816.31
776.57 144.29
98.12 598.1
572.28 348.98
301.07 117.4
520.07 820.98
699.7 294.81
588.46 651.78
585.68 42.63
504.75 292.73
885.8 295.75
818.29 533.95
415.6 549.33
717.86 285.96
512.44 84.96
802.97 792.63
119.69 642.26
886.99 244.42
218.39 176.79
141.09 485.27
126.44 749.84
696.95 362.9
145.48 722.89
248.27 119.48
406.29 304.39
556.14 201.64
95.83 521.96
221.11 129.92
550.46 774.1
215.09 461.56
660.42 919.19
556.29 144.69
160.86 425.67
922.54 628.96
755.03 114.87
349.68 399.85
967.95 450.82
258.55 821.83
568.68 511.67
151.16 270.18
679.8 194.92
644.34 75.78
861.48 693.56
357.34 598.19
541.86 123.94
403.55 191.6
333.05 733.21
535.23 193.55
310.07 332.13
694.02 144.47
580.92 745.93
461.35 630.18
194.19 581.07
812.22 558.34
656.97 882.72
542.34 347.36
697.32 502.4
572.65 254.62
332.22 614.28
452.04 881.68
278.66 281.59
436.78 742.52
596.58 442.49
210.58 849.67
874.39 553.97
868.8 415.85
776.73 662.89
632.8 400.74
530.47 282.88
241.83 663.11
455.82 958.98
142.37 319.71
686.67 144.35
624.68 904.42
817.5 823.11
451.46 417.98
865.57 340.13
87.5 458.57
626.39 418.1
243.08 411.36
745.9 417.19
299.81 698.17
236.37 508.56
914.58 456.01
771.54 850.64
500.75 495.04
357.55 696.28
136.3 237.53
514.82 344.62
75.35 607.9
595.17 446.09
656.94 773.95
552.72 191.87
553.36 822.66
308.82 868.13
937.22 588.24
262.73 248.39
337.5 731.86
937.83 486.47
840.57 779.6
382.31 844.66
377.39 409.13
285.47 434.1
441.85 395.06
93.81 358.99
869.32 750.54
381.57 630.54
297.34 315.47
393.48 712.97
742.03 248.39
157.54 426.19
496.08 574.48
228.68 837.58
77.03 317.94
744.19 438
680.72 754.94
300.55 332.9
805.84 444.38
555.41 46.14
890.87 540.12
774.13 535.57
460.37 88.63
725.67 332.77
79.07 509.84
590.9 580.8
195.96 827.39
578.45 61.56
664.17 541.8
828.82 779.75
275.8 887.23
588.67 224.56
334.57 831.75
717.46 852.11
802.85 196.6
847.13 190.71
402.72 153.08
898.74 704.46
561.11 464
953.46 540.76
349.5 365.12
669.03 483.93
441.3 694.33
624.53 517.59
441.54 962.07
749.26 159.46
659.96 325.91
436.93 405.9
544.85 109.62
616.72 578.51
481.77 192.75
437.39 520.22
57.22 602.25
489.97 138.28
699.88 564.07
220.53 688.92
920.59 601.31
830.16 238.38
506.15 394.79
644.64 672.81
180.49 604.79
817.62 239.2
743 579.64
313.94 431.62
537.8 552.11
361.16 121.68
546.16 847.56
640.22 407.61
461.84 352.43
653.34 935.54
725.06 375.29
86.61 311.72
120.58 491.87
265.72 872.43
763.79 633.81
507.28 500.2
838.56 811.88
624.26 620.56
600.05 334.82
405.41 909.57
581.23 224.52
513.47 682.82
633.93 795.1
591.78 889.98
844.26 194.22
728.14 208.35
521.2 823.76
188.67 789.27
861.84 639.76
715.29 431.41
174.54 268.23
947.5 645.4
172.61 346.75
570.51 642.63
750.51 291.51
213.6 405.04
152.47 789.24
526.93 567.55
737.27 450.03
630.85 65.92
522.75 281.62
870.45 247.35
288.31 447.31
852.6 264.81
819.39 256.11
722.34 261.36
529.86 471.57
693.41 521.29
154.58 612.45
540.09 229.9
282.94 537.16
434.03 750.82
320.78 922.57
64.3 650.93
796.53 320.54
334.12 631.76
408.4 277.29
153.36 356.49
845.48 424.73
244.06 387.16
209.94 177.47
889.89 331.03
502.4 313.91
493.88 871.03
629.35 57.31
256.42 850.03
506.67 366.47
371.65 881.04
563.98 731.71
676.56 540.42
289.22 339.43
845.27 219.31
225.68 668.26
271.31 222.21
597.83 39.76
850.83 335.49
225.81 738.15
502.3 253.12
530.47 629.99
473.71 204.47
659.51 553.27
509.32 307.44
696.92 475.42
959.32 474.99
843.93 478.9
379.53 668.45
106.27 548.72
445.23 109.01
482.8 489.97
910.7 338.97
431.62 175.02
427.02 154.09
400.74 503.52
787.74 295.63
775.78 567.49
265.02 147.19
497.79 190.44
171.61 673.39
464.46 805.05
402.17 960.24
642.38 509.78
244.18 493.67
500.05 378.12
67.38 483.6
919.03 651.91
561.97 327.52
578.08 580.65
622.39 912.78
602.89 924.5
357.31 705.62
957.18 486.68
188.63 565.81
529.47 929.62
492.23 181.4
656.76 701.35
358.29 907.38
524.22 910.21
215.12 452.99
292.73 126.53
440.47 517.72
255.07 633.2
735.65 196.02
577.38 448.04
385.2 646.63
457.2 618.79
476.94 779.38
783.5 768
787.16 272.35
865.5 665.7
563.16 783.62
436.45 509.51
773.28 300.15
578.69 403.76
570.82 136.51
757.99 880.79
222.11 554.67
529.89 58.05
549.18 32.05
100.1 697.99
462.14 91.56
152.04 481.34
390.42 184.88
98.94 375.8
253.3 701.35
246.93 334.27
435.65 187.17
827.54 535.72
306.41 856.69
332.01 408.06
684.99 607.14
694.88 659.47
210.61 337.08
872.01 752.37
675.56 862.97
579.45 245.86
565.14 430.59
527.97 163.7
945.07 618.82
793.66 432.33
272.5 246.41
341.53 607.41
435.47 629.66
695.73 779.78
496.9 489.82
421.28 366.53
401.29 917.57
311.38 389.26
615.16 345.56
532.36 286.08
870.66 459.97
777.89 872.55
101.96 413.98
924.1 510.94
590.69 738.24
912.08 710.56
347.03 866.66
945.89 517.87
642.35 829.13
329.72 132.54
530.44 544.24
501.14 273.63
611.87 373.76
911.31 529.65
794.73 742.03
863.49 536.42
482.68 146.24
320.11 163.09
610.07 943.24
719.87 383.25
947.69 486.62
695.55 342.94
837.21 226.33
399.61 488.02
131.66 367.69
92.65 483.5
97.78 520.8
595.11 742.06
492.05 268.81
560.78 210.15
298.01 672.99
891.6 604.6
893.58 361.16
598.9 532.21
589.1 958.68
396.77 439.65
746.51 497.57
931.42 570.6
648.24 411.6
622.06 603.81
389.54 885.53
699.58 101.32
433.21 276.65
376.96 240.36
488.78 733.05
649.25 351.63
562.06 717.67
170.96 708.4
931.15 677.27
276.77 718.13
582.54 506.45
570.76 858.42
339.06 531.17
214.88 369.4
388.68 745.51
705.07 831.75
649.89 457.69
176.73 304.54
429.12 943.11
621.45 552.63
460.62 130.31
789.76 736.9
770.75 555.86
475.57 701.25
139.68 768.55
678 176.34
656.94 820.83
402.17 39.76
391.52 396.8
458.27 391.22
692.89 628.32
374.43 757.65
406.84 572.16
866.91 361.06
654.62 516.28
528.67 427.53
238.75 833.74
806.18 586.96
739.59 528.73
721.03 451.61
947.02 615.77
830.99 711.05
654.65 273.05
443.83 635.06
570.76 533.8
939.15 524.74
286.11 322.4
588.58 72.82
48.52 505.33
475.02 570.7
694.72 313.46
312.57 766.41
500.17 166.94
601 379.89
142.19 763.79
264.6 476.15
805.9 546.19
769.19 371.53
669.3 368.79
691.61 918.91
348.58 179.36
463.79 371.38
592.24 920.56
392.32 574.02
876.13 592.85
214.61 206.76
637.96 681.48
359.51 940.18
732.2 118.72
836.48 665.24
205.42 405.35
366.41 328.5
174.11 470.53
495.07 939.42
588.61 621.94
286.2 379.19
724.63 312.66
682.79 647.85
592.33 542.13
690.97 222.02
564.84 65.65
463.39 606.25
559.71 882.93
115.36 693.41
550.55 402.3
692.07 844.08
261.48 103.09
734.12 159.73
279.85 147.86
100.38 347.94
465.38 506.94
778.28 543.14
710.78 725.06
105.38 260.93
617.27 876.28
537.4 820.03
724.54 891.29
187.81 477.34
556.54 832.64
892.42 261.21
373.18 293.68
528.24 40.77
740.75 769.59
272.93 565.08
66.71 573.56
506.33 627.09
522.72 493.21
729.18 551.77
431.78 960.75
670.67 826.65
380.6 947.45
177.43 345.81
815.97 328.99
924.62 487.14
203.31 852.81
765.98 437.39
740.93 640.25
483.17 907.41
66.99 652.12
122.44 281.93
849.54 236.58
621.85 878.96
212.2 369.06
517.96 444.69
348.34 673.18
829.13 756.68
928.07 631.43
129.83 525.47
136.54 617.51
689.29 236.15
862.79 313.76
55.02 538.29
498.18 297.19
640.71 558.06
854.34 501.75
871.36 344.07
177.62 726.25
361 787.16
818.51 433.18
48.55 567.77
183.02 511.64
423.84 229.07
512.8 318.52
191.84 627.77
327.22 802.39
739.46 270.55
605.24 561.39
304.09 564.38
852.81 675.86
818.23 242.71
584.37 895.23
911.83 645.07
705.1 419.05
309.85 564.62
328.01 237.43
448.19 796.32
738.7 550.61
141.58 260.63
172.19 390.51
98.7 718.25
626.76 101.23
73.49 482.92
236.37 649.43
656.79 404.34
363.66 877.22
669.48 271.86
92.9 547.35
524.67 791.04
236.21 149.78
215.77 435.26
512.41 610.74
216.74 525.22
231.45 683.98
713.83 658.99
628.96 73.73
428.27 871.82
913.39 465.32
291.94 571.46
631.12 555.68
771.48 813.38
146.73 688.96
177.04 643.48
127.23 500.96
273.6 885.31
736.69 112.67
799.62 670.61
632.83 408.67
429.03 818.11
319.5 252.27
314.58 531.48
774.62 731.41
420.79 350.6
662.37 679.95
572.95 199.87
233.62 778.71
343.67 373.97
630.33 750.63
428.42 659.23
532.94 636.68
380.87 792.23
696.16 861.08
364.51 474.38
896.57 697.53
158.3 334.97
541.73 402.36
340.62 244.12
888.88 628.56
615.86 286.32
123.48 329.54
269.11 146.03
822.47 189.4
446.15 463.97
963.93 551.62
783.29 831.87
771.17 250.43
764.34 337.78
861.42 290.48
778.83 371.56
816.37 392.44
694.11 915.77
721.92 836.94
550.98 752.49
441.33 118.35
490.13 127.2
450.94 73.15
171 488.78
355.78 783.56
444.56 36.32
813.56 493.7
909.6 318
549.7 707.75
502.03 331.03
657.06 393.72
311.87 239.39
672.44 864.68
826.23 538.32
776.57 880.66
559.8 560.08
150.58 208.01
572.65 260.51
581.44 72.02
588.73 843.01
638.29 209.11
809.72 632.59
801.17 637.56
631.73 269.63
432.54 729.58
950.62 446.15
396.86 515.43
448.41 539.93
400.04 514.94
287.15 511.86
454.45 651.33
623.92 320.81
825.8 659.11
438.83 758.26
422.22 691.37
821.74 337.44
409.07 819.88
764.76 735.68
682.06 564.96
604.05 694.48
487.17 356.06
191.35 310.22
727.38 710.99
289.16 619.1
274.15 809.47
896.79 470.75
408.09 294.26
656.82 925.44
292.4 447.92
387.37 325.17
820.92 173.31
796.04 791.8
637.65 283.94
788.38 821.62
599.78 307.93
671.53 128.79
540.42 327.8
281.35 826.53
414.32 158.24
96.22 278.18
611.68 185.67
602.95 844.87
403.3 79.93
906.86 472.15
572.71 831.97
237.53 134.1
787.32 679.4
307.05 435.56
833.74 183.11
669.91 663.9
527.12 43.95
747.49 653.55
49.04 530.69
553.67 164.59
541.55 532.82
438.34 847.1
186.28 817.93
454.97 838.4
811.73 573.23
587.57 118.17
894.89 691.09
727.59 430.22
123.63 426.07
510.94 359.6
764.85 411.63
553.73 602.77
693.99 400.56
224.25 229.19
367.72 247.51
955.93 585.71
536.27 349.93
313.43 683.28
552.69 915.25
466.17 611.29
905.85 556.41
329.63 352.31
206.15 532.67
337.38 106.17
119.79 745.45
671.35 703.63
669.12 807.46
807.55 665.06
710.14 649.25
326.94 153.94
556.99 802.73
364.36 261.27
614.28 378.73
251.32 726.92
746.27 671.8
479.08 201.51
413.25 704.95
357.4 392.99
779.5 388.38
408.7 589.43
474.17 583.61
331.06 261.21
253.4 528.21
652.24 826.87
466.81 346.81
259.38 250.47
734.43 424.24
890.19 504.62
268.59 722.77
75.14 580.86
294.11 441.21
705.28 599.17
334.48 857.26
336.83 591.85
733.33 125.95
387.13 115.82
404.22 581.99
500 970.53
640.92 684.07
697.62 224.22
841.82 801.14
333.17 442.15
694.69 614.22
768.97 227.42
935.09 482.35
571.46 386.27
370.77 604.6
418.81 696.13
403.06 69.46
196.69 338.94
298.93 646.93
224.22 700.4
733.15 236.98
461.56 452.16
369.76 801.69
325.3 96.44
865.29 403.49
138.65 295.42
787.99 283.49
139.26 616.81
334.27 377.7
221.93 579.64
469.41 268.72
176.52 573.44
218.33 586.78
641.8 286.08
553.51 765.07
744.8 495.25
76.82 627.7
416.15 311.01
270.18 340.46
348.31 177.89
101.87 675.37
668.05 801.9
810.42 817.87
406.93 174.17
663.08 142.49
412.37 338.97
267.8 103.03
868.53 472.34
806.94 335.18
743.46 271.49
733.09 798.7
467.09 638.11
681.08 830.74
142.67 432.69
288.06 274.21
648.27 783.93
337.47 93.48
180.52 539.29
947.54 558.92
401.35 513.81
748.95 350.96
479.11 32.87
350.69 185.92
395.79 556.17
489.97 687.28
504.81 427.99
433.33 715.11
608.66 314.55
728.02 321.3
258.61 140.29
378.86 619.5
707.79 474.72
191.41 150.4
726.55 385.33
500.17 277.99
720.69 124.55
546.16 62.99
624.13 736.01
409.25 731.32
618.7 436.51
488.51 84.44
221.17 585.13
423.78 215.4
120.49 457.41
334.24 101.99
746.33 304.09
658.16 515.21
146.24 582.29
623.1 521.71
59.21 357.49
182.04 236.49
41.72 427.75
56.95 628.83
150.49 314.16
469.04 33.11
855.71 540.33
438.89 156.96
448.56 675.25
873.68 593.62
833.55 290.9
593.98 94.45
558.67 184.55
219.67 343.39
129.06 435.9
796.01 711.57
210.7 259.59
624.5 481.06
164.83 281.81
771.23 817.99
548.23 958.31
420.85 186.8
742.39 605.61
306.38 646.81
855.46 365.4
450.91 779.44
245.19 374.37
266.3 675.28
573.05 60.79
648.95 845.18
530.5 685.17
520.58 793.42
541.92 444.56
658.5 785.88
120.33 718.56
364.76 866.91
248.73 307.08
414.35 63.54
249.43 652.18
512.1 585.25
66.53 572.71
547.41 613.88
532.09 656.73
449.11 660.42
498.73 353.74
818.93 412.49
185.52 190.62
449.17 739.89
542.92 809.08
382.76 851.62
456.77 361.49
720.63 221.47
89.08 560.81
866.97 450.09
754.14 592.36
100.41 681.91
329.23 378.89
806.82 419.02
515.21 66.16
480.15 781.43
517.2 83.93
482.86 224.34
678.95 781.58
418.38 600.94
492.69 844.54
527.24 432.42
145.7 573.78
548.3 439.77
363.32 495.5
313.09 793.76
145.48 237.16
501.54 954.86
761.35 625.51
333.96 350.08
243.72 136.72
544.88 70.74
181.8 541.89
604.05 823.85
874.36 428.54
373.64 51.09
531.27 550.61
632.59 206.18
214.64 221.63
942.99 533.95
50.17 471.57
284.8 149.45
532.64 281.14
352.86 652.36
311.14 859.77
548.63 248.73
168.22 535.26
348.03 673.51
389.36 713.4
181.52 391.43
613.67 806.76
901.58 334.7
392.83 282.11
370.89 238.5
522.42 644.61
569.05 573.17
516.1 315.2
470.56 485.98
581.07 744.29
574.66 161.17
596.91 560.69
785.49 475.17
676.78 671.56
60.06 413.28
518.3 355.14
109.29 362.77
307.05 291.24
594.16 299.2
701.44 366.13
531.24 193.21
907.49 264.74
227.18 487.08
324.69 213.9
348.55 121.1
226.33 619.16
552.96 447.61
822.47 382.46
566.33 170.57
147.53 575.55
530.81 499.37
934.05 579.18
385.78 471.76
779.02 476.97
682.3 748.22
265.91 782.83
873.2 625.84
97.11 647.79
389.2 185.37
633.32 586.35
918.21 605.21
230.35 594.74
439.37 332.62
377.45 558.92
97.48 640.58
811.88 565.63
188.85 208.69
243.75 871.94
236.03 551.84
418.65 759.64
259.68 649.22
766.81 611.01
143.38 691.12
463.55 664.69
499.68 841.12
830.56 257.12
583.24 183.29
959.93 463.73
539.66 242.84
568.13 686.64
707.05 558.46
644.76 829.1
352.15 837.58
523.73 541
404.07 310.68
134.46 291.48
657.67 380.81
245.61 549.94
436.41 391.83
431.59 696.1
601.06 947.81
734.15 373.36
526.84 155.37
876.09 423.23
441.45 745.14
246.99 539.35
658.56 641.83
512.28 566.97
619.92 80.87
525.68 147.28
597.49 252.48
918.64 583.03
432.84 359.66
634.27 693.66
892.57 321.76
629.02 325.72
640.8 254.8
910.58 424.05
302.13 319.25
189 338.97
743.13 856.81
372.88 246.93
396.31 876.77
374.95 257.12
488.3 339.18
121.62 364.12
581.44 451.98
702.08 579.06
362.19 841.49
787.04 251.26
280.77 239.48
779.78 735.28
162.79 429.12
606.89 270.97
534.71 285.41
493.36 765.53
361.83 758.2
431.99 671.07
783.35 315.96
251.75 852.72
297.04 306.07
520.19 699.7
256.42 154.85
151.07 335.4
223.43 119.34
429.52 341.56
512.92 363.75
954.44 539.75
851.99 790.09
612.57 951.05
869.08 761.35
211.46 781.37
683.37 843.07
199.04 600.3
212.5 326.3
102.57 328.56
763.21 290.96
204.44 498.49
438.06 878.2
108.95 280.4
813.44 401.62
422.01 807.95
894.59 539.66
474.96 801.08
695.73 85.63
115.63 662.16
905.48 649.71
126.96 668.14
316.57 482.77
367.87 906.7
641.65 796.47
527.21 718.53
496.11 700.03
204.26 665.4
895.26 262.12
804.16 313.88
685.29 444.99
317.12 428.17
403.33 334.39
476.06 263.95
385.94 345.62
641.56 273.32
186.16 422.93
87.01 570.79
394.12 492.39
816.61 515.61
684.32 569.96
493.27 495.86
135.56 321.54
732.02 786.52
874.84 368.36
311.32 431.81
355.82 74.43
166.84 681.3
584.15 287.03
777.79 278.36
662.47 910.25
512.41 725.67
358.1 149.45
693.26 856.65
837.03 419.35
796.81 706.84
102.91 275.73
230.02 414.41
177.07 392.41
593.19 84.84
525.56 571.64
443.16 187.38
213.66 851.62
806.67 777.79
526.81 278.42
776.57 119.34
156.74 247.02
783.47 847.5
422.96 895.02
670.46 180.97
403.85 176.55
88.75 386.03
673.54 919.03
157.26 428.51
689.6 286.75
700.58 133.73
438.83 324.47
530.59 708.33
682.09 604.05
371.26 733.45
365.7 681.17
492.2 104.77
676.38 594.41
859.49 754.26
758.05 331.61
110.69 455.37
452.93 163.15
90.64 349.86
298.17 222.17
803.22 521.93
550.4 407.12
299.97 591.02
129.58 576.98
650.47 868.31
344.8 690.85
329.45 873.13
894.41 281.32
642.02 273.81
796.04 848.2
658.07 483.2
282.05 447.07
614.58 582.81
404.52 753.17
475.36 452.89
539.32 448.47
754.75 337.66
774.41 335.03
259.01 514.6
629.44 247.17
186.59 452.8
513.5 915.1
151.62 722.92
292.46 555.22
715.08 677.05
781.73 177.1
557.88 146.64
909.12 595.6
880.66 776.57
775.75 231.21
356.06 407.51
775.48 203.8
524.95 635.15
907.5 310.46
855.1 219.7
386.3 425.03
880.66 223.43
539.38 472.52
487.93 405.26
801.57 470.17
485.12 98.09
624.96 428.79
169.32 200.32
168.07 768.58
651.75 644.92
147.16 466.23
718.53 772.15
362.8 286.84
74.56 588.15
248.82 667.87
691.34 827.39
92.51 735.26
174.9 234.69
657.67 821.62
811.91 552.29
511.76 704.67
174.35 387.13
520.62 566.39
906.67 295.63
794.24 190.01
163.46 754.26
328.38 665.76
935.18 449.9
685.17 236.21
526.93 180.24
629.05 395.64
704.46 793.51
456.07 251.01
495.86 610.03
373.24 83.22
621.39 883.02
328.81 222.63
577.5 714.01
270.97 490.98
286.66 647.27
478.19 279.98
392.62 795.19
340.13 343.36
608.75 496.87
469.25 725.24
687.61 361.03
904.63 345.47
542.8 627.89
207.25 326.03
771.02 487.17
220.53 845
587.24 745.69
919.03 540.24
610.16 492.42
825.22 604.3
285.5 633.32
575.24 814.36
339.49 225.68
115.3 502.55
470.29 583.15
769.13 435.96
866.15 468.43
927.82 416.52
597.98 123.84
782.86 265.39
430.77 620.56
430.01 200.26
949.52 520.95
289.04 496.08
627.95 451.12
655.84 762.66
548.6 564.41
817.32 393.44
151.68 324.72
404.71 294.81
557.85 869.23
223.33 258.64
472.52 533.34
758.84 812.98
94.82 507.64
220.13 551.59
685.11 797.08
735.71 160.13
473.98 346.75
328.75 168.65
703.02 315.78
282.54 749.87
396.86 353.31
405.93 635.79
383.92 218.45
801.69 320.32
873.04 648.37
244.12 525.16
476.61 740.2
591.2 626.15
717.89 471.51
768.06 774.01
865.9 371.72
677.39 288.49
377.94 319.32
432.02 85.73
242.5 638.54
690.76 795.04
253.73 400.46
379.47 721.43
748.92 335.89
577.75 310.16
840.08 265.57
853.11 269.42
670.83 454.39
730.09 795.5
229.99 539.93
753.53 230.84
299.66 525.86
244.09 314.43
681.75 584.43
143.22 324.08
736.66 553.03
683.4 828.55
459.76 840.3
821.68 531.17
209.39 388.87
805.23 400.28
457.32 135.96
921.29 489.64
347.3 579.88
484.36 407.09
901.91 614.31
948.61 572.83
737.88 267.22
777.73 662.98
754.26 539.69
838.4 318.52
225.35 535.05
631.21 649.46
540.94 353.5
707.17 97.38
395.28 519.43
323.4 192.14
813.68 556.35
135.14 593.22
291.36 512.5
238.47 284.19
563.04 620.65
839.14 288.67
288.61 752.25
643.94 890.62
245.19 160.74
186.65 159.98
480.73 113.99
318.4 899.35
441.6 806.91
951.2 529.95
101.44 615.56
448.65 402.81
746.33 534.59
603.17 786.4
503.1 754.36
694.45 598.77
793.57 741.39
338.3 481.15
695.73 163.7
168.49 649.43
128.18 540.33
272.77 295.08
689.87 258.61
378.52 784.14
631.43 806.63
442.79 254.25
82.58 327.34
232.89 372.39
450.76 679.22
112.31 279.55
412.98 503.19
73 406.17
272.29 865.75
472.06 396.53
432.2 458.14
801.23 549.88
348.64 182.68
395.31 896.02
629.93 264.56
718.19 184.67
103.4 491.71
624.26 170.11
496.11 886.72
331.46 481.06
565.48 524.55
741.81 201.79
443.37 332.16
708.52 678.15
384.11 903.59
487.29 647.18
99.92 521.29
431.38 144.84
274.12 774.1
169.62 696.71
426.59 390.64
396.13 421.09
129.28 571.06
300.21 189.15
608.33 204.26
367.35 566.15
520.86 907.38
784.51 177.28
302.53 717.67
482.31 681.88
396.5 798.58
775.23 767.78
322 240.82
708.21 229.9
661.61 365
77.67 382.55
447.58 42.88
521.62 863.19
289.83 801.87
127.9 476.49
539.69 696.65
432.08 530.23
453.69 954.86
485.03 228.52
890.01 523.97
383.68 169.68
266.34 461.47
373.64 786.68
672.75 417.83
676.08 817.77
518.05 804.25
431.01 188.15
393.41 695.91
220.62 402.14
933.84 580.43
667.41 189.86
107.43 686.67
93.39 519.43
563.77 179.91
434.86 806.6
441.48 307.72
838.77 787.53
599.44 495.25
394.76 690.79
621.39 440.05
125.25 771.6
561.88 528.28
542.59 483.17
394.36 758.14
381.02 254.04
256.97 340.56
437.15 731.8
715.32 800.59
75.75 520.22
587.79 418.2
620.32 56.4
753.07 751.34
246.68 145.76
328.65 246.53
272.32 818.99
344.43 862.64
93.94 364.06
196.14 668.45
679.19 498.98
548.3 55.45
525.04 773.43
665.94 748.71
699.58 309.52
411.73 849.33
451.09 838.19
599.96 590.01
160.41 227.24
786.37 206.73
500.17 484.91
849.3 559.74
239.72 599.2
322.12 250.74
168.1 819.42
615.83 594.29
199.8 328.53
902.8 409.68
367.41 56.61
304.12 358.29
830.04 379.44
743.95 449.63
819.73 225.32
774.62 221.9
912.26 683.49
821.34 744.68
570.12 835.99
569.41 710.99
638.02 260.81
816 473.4
696.95 713.92
275.55 227.12
540.48 363.35
304.64 654.81
370.98 556.66
594.07 406.99
567.31 665.67
916.96 500.08
595.84 493.67
849.79 779.11
656.97 591.6
469.86 860.38
582.42 561.75
811.15 385.11
243.9 305.8
564.23 880.03
315.96 311.44
333.9 854.61
775.38 415.88
548.72 500.2
622.21 824.46
276.19 254.59
290.75 851.92
568.62 455.73
518.6 475.3
715.75 523.64
429.7 469.92
331.34 528.76
907.32 411.6
822.14 790.64
874.26 387.92
633.53 822.32
669.45 467.18
817.74 751.12
785.67 758.72
960.24 597.83
247.29 227.06
410.32 299.05
398.94 56.31
348.89 511.73
698.11 279.79
115.73 354.53
429.15 240.03
154.21 339.24
470.63 241.16
263.34 212.32
395.03 163.24
800.47 521.77
583.57 847.35
829.25 702.08
779.75 614.55
123.78 746.27
207.5 440.87
580.55 69.43
97.29 375.26
421.03 251.78
534.56 823.48
657.86 212.99
387.68 797.88
900.81 682.88
290.05 430.16
115.63 669.18
375.47 231.51
961.97 496.9
517.62 752.34
137.42 274.3
807.03 419.39
329.26 723.5
574.88 201.36
431.9 954.68
610.1 872.49
579.79 861.72
554.43 889.65
93.87 504.56
327.34 696.16
652.97 831.57
931.46 335.58
679.16 477.95
600.48 154.06
795.8 265.24
266.37 754.78
148.63 432.91
505.69 547.17
240.18 621.2
451.37 480.36
507.03 736.56
966.22 527.94
574.54 287.67
820.22 424.36
393.35 728.35
597.98 132.36
298.01 398.42
641.77 388.07
376.63 605
208.47 420.42
552.78 844.63
421.49 276.71
624.9 324.63
648.79 711.91
190.68 345.16
467.3 530.2
780.02 771.32
591.57 589.65
195.07 151.59
748.04 706.81
648.27 684.56
551.74 847.83
289.71 404.61
944.85 549.85
525.56 251.2
934.2 420.06
513.81 611.16
585.16 159.46
564.29 616.41
741.75 752.86
833.92 751.55
414.78 260.26
467.76 364.85
360.48 75.99
868.53 600.45
52.5 354.6
735.22 622.33
683.4 711.6
758.08 312.63
804.8 647.54
301.77 871.15
828.21 677.91
317.15 281.11
903.9 512.53
692.71 322.79
853.72 697.99
252.08 635.24
931.09 462.97
842.98 574.24
871.73 690.51
516.98 173.44
790.46 809.53
597.77 221.63
309.43 891.84
412.37 151.65
107.91 600.91
883.63 708.98
837.06 266.7
156.68 588.06
575.67 511.46
427.11 736.38
407.18 721.43
150.79 709.4
250.28 322.64
788.6 477.46
572.44 464.52
772.36 851.04
244.91 764.98
428.42 876.25
300.88 901.7
786.68 250.71
458.11 667.75
914.27 647.42
891.63 610.58
192.21 745.38
601.37 457.23
245.92 709.89
824.85 283.91
133.52 366.13
491.2 185.98
479.54 933.07
826.44 221.93
796.41 326.58
865.6 689.5
906.16 657.46
300.67 876.52
542.31 135.81
769.4 565.45
770.2 828.03
786.1 573.26
559.19 64.55
143.04 672.11
931.15 652.18
468.09 175.51
865.29 634.94
484.42 934.78
664.88 498.18
625.97 763.3
77.97 588.24
291.6 187.63
689.54 158.02
922.67 612.14
612.69 846.8
608.63 916.47
755.42 823.79
745.41 453.32
852.17 765.04
166.72 635.88
419.84 350.69
639.12 243.35
384.93 509.05
755.33 865.08
376.42 662.04
822.32 361.92
274.33 751.85
638.57 346.17
642.93 425.21
614.52 96.56
387.46 113.8
264.74 92.51
598.96 527.76
444.38 379.77
634.51 837.52
377.03 661.98
549.3 803.03
672.2 893.37
477.31 234.75
511.64 568.35
605.76 188.6
706.75 601.92
295.94 803.19
829.37 659.35
557.57 465.1
494.28 738.98
746.18 787.38
115.36 356.24
720.11 585.28
572.07 536.36
783.01 825.31
249.7 128.76
116.15 535.78
865.41 409.41
783.81 326.4
146 510.57
950.07 521.77
166.97 558.03
681.57 90.37
178.41 600.21
454.48 686.48
644.64 192.02
631.43 527.18
322.58 614.95
734.4 724.85
693.38 160.92
560.08 693.04
595.48 606.86
518.51 581.9
830.65 612.96
159.46 406.02
788.38 436.9
119.54 641.59
501.72 733.91
148.96 459.97
580.43 134.46
694.51 214.12
452.01 871.43
62.32 507
526.38 690.82
181.59 301.46
63.48 654.9
697.99 469.01
539.41 436.99
244.15 664.94
233.47 153.84
658.71 414.14
634.11 126.26
861.11 520.25
515.34 745.54
158.73 327.98
902.28 441.79
441.69 699.58
806.02 390.82
907.8 642.9
400.65 614.28
799.92 198.58
330.52 866.33
217.6 527.27
288.46 92.07
446.46 507.22
194.98 296.3
673.76 471.39
413.53 374.34
448.53 490.43
668.66 430.68
571.61 317.61
151.49 427.63
672.11 894.19
443.04 523.73
482.13 358.53
132.63 582.02
490.28 543.53
48.43 451.22
136.45 433.76
476.49 116.31
677.45 698.17
585.56 388.59
142.03 219.64
836.79 442.58
782.68 213.29
298.53 221.47
486.56 380.11
761.62 545.49
564.56 427.87
478.04 701.74
524.67 223.76
272.47 731.25
415.63 959.17
702.11 362.01
188.06 376.17
431.93 160.74
131.02 618.52
722.89 850.28
780.76 298.96
572.62 494.8
314.74 147.65
113.74 291.06
621.85 273.42
582.72 866.76
235.24 547.56
618.52 98.24
962.49 428.75
160.16 233.95
528.24 404.64
778.37 379.16
538.44 700.64
219.34 371.32
130.22 561.57
168.92 601.34
165.17 516.98
314.62 298.68
335.28 348.03
685.78 914.58
808.74 311.93
772.15 234.08
430.74 755.09
554.28 794.61
796.26 214.67
415.23 767.85
381.85 420.45
474.68 865.84
339.09 554.89
773.61 700.34
724.3 99.09
604.14 67.05
349.35 533.68
253.79 674.15
581.96 194.04
172.83 292.89
759 394.91
344.86 540.48
461.32 743.71
558.12 241
776.73 752.62
639.33 455.95
501.21 717.4
886.59 728.35
734.18 589.65
505.33 508.87
555.77 551.62
624.41 281.26
472.34 739.16
530.29 317.09
170.9 382.34
682.88 716.61
692.98 659.35
188.39 591.6
326.88 520.25
785.7 856.65
330.39 483.57
897.89 742.21
321.91 620.99
364.36 916.14
63.33 657.25
223.06 571.46
300.49 643.73
213.45 808.53
213.72 283.79
200.87 551.68
406.02 827.33
706.99 219.76
277.81 341.26
546.16 169.04
488.02 819.27
238.72 355.42
535.69 936.52
811.18 750.39
359.78 400.19
723.41 769.59
262.61 725.55
87.34 333.72
348.83 292.31
241 320.51
742.27 253.98
530.5 126.68
212.2 722.65
316.35 712.3
836.57 497.82
439.37 510.73
648.37 841.82
327.25 620.29
855.13 265.57
110.2 549
790.03 315.44
275.86 469.65
108.07 698.87
411.82 306.65
551.81 435.1
205.88 300.91
285.56 547.26
540.45 450.12
230.05 557.3
689.69 334.54
621.11 556.47
489.82 597.86
670 402.94
441.36 858.03
781.37 684.38
877.71 326.4
186.77 608.54
146.43 524.55
773.49 722.25
354.6 52.5
645.4 947.5
253.52 832.3
316.51 256.23
173.04 778.62
701.9 787.93
235.27 458.05
551.81 114.63
547.84 533.16
249.89 364.33
879.09 305.03
695.64 530.2
285.01 137.09
469.83 498.34
481.25 328.62
287.67 328.62
519.64 482.99
385.54 397.75
723.04 143.35
748.19 673.82
325.24 400.77
876.67 307.87
38.73 469.28
718.01 621.88
647.11 799.92
839.14 179.2
433.64 402.54
483.11 671.8
577.35 825.25
492.48 497.85
332.68 256.94
171.97 426.47
848.66 192.63
104.22 747.22
559.47 775.69
686.24 702.57
572.77 147.59
538.16 507.16
220.5 591.97
325.54 933.96
122.17 694.6
534.1 940.43
730.55 405.01
82.22 575.21
365.76 757.29
763.57 870.45
898.89 592
200.32 743.58
215.55 374.86
69.8 464.55
336.74 341.53
92.51 264.74
637.32 678.67
568.71 150.73
153.36 490.55
482.16 894.62
495.04 391
460.77 729.97
290.57 831.48
449.11 695.24
424.73 80.11
339.7 111.73
580.46 266.24
820.58 554.49
441.21 344.25
893.8 548.69
934.69 440.96
280.4 133.95
617.3 56.4
758.14 395.4
427.96 803.43
942.23 636.34
219.4 839.59
89.05 480.57
590.26 251.81
213.48 143.25
447.95 135.96
421.52 482.56
101.44 476.91
703.21 249.98
312.3 253.12
656.64 844.69
385.94 791.22
952.57 443.89
494.61 928.95
186.25 687.89
862.76 359.11
369.12 823.39
793.82 458.57
509.05 404.37
534.75 325.05
259.83 674.31
588.61 207.62
362.22 853.79
469.22 744.83
300.42 726.52
177.98 824.46
772.94 777.15
175.94 363.9
291.06 604.39
312.97 687.09
810.17 506.94
311.87 431.38
500 29.47
882.69 341.9
338.08 694.2
692.89 692.5
691.38 70.15
330.85 287.79
336.22 868.65
335.64 247.35
557.97 37.17
221.41 738.09
674.86 820.03
771.48 495.99
866.54 780.14
490.59 924.96
666.31 583.91
81.33 312.42
526.51 429.49
128.24 242.65
412.79 70.68
873.81 578.39
242.13 411.97
438.28 194.71
590.75 392.47
560.35 210.21
682.27 854.15
515.49 677.91
219.61 602.74
642.84 811.12
369.64 216.32
472.4 727.62
517.93 194.95
402.23 340.83
775.02 168.34
359.14 97.51
157.75 571.95
944.82 594.87
875.7 527.76
364.85 623.52
587.85 822.99
261.42 694.17
536.18 173.01
523.55 940.21
928.1 671.44
603.66 180.91
244.7 414.26
368.3 570.39
470.47 221.29
204.99 277.23
294.75 127.05
682.49 608.54
602.5 520.71
480.76 699.55
228.92 398.18
299.11 176.34
721 702.48
584.28 844.69
501.02 709.25
583.57 871.27
552.93 543.17
958.43 579.73
539.96 410.81
371.32 787.62
94 662.98
530.11 590.84
769.46 609.7
371.38 660.39
834.41 433.12
764.15 753.26
464.31 897.37
311.14 365.52
633.56 678.15
726.74 180.09
187.84 625.11
739.86 191.84
719.99 164.25
442.3 455.55
345.93 444.53
659.47 523
785.79 802.03
745.35 221.93
524.28 965.36
464.52 399.76
95.83 601.31
506.55 418.13
625.2 207.34
83.32 468.61
388.04 405.38
522.05 679.4
568.16 385.48
399.24 871.67
523.21 495.07
686.39 128.97
239.51 629.72
683.89 176.67
243.48 373.61
592.76 803.55
418.53 188.91
457.23 304.61
755.91 427.17
821.92 460.31
432.17 290.54
644.8 336.07
91.04 497.36
291.7 288.37
400.8 530.93
913.75 419.84
515.4 154.3
659.75 780.79
294.17 258.61
609.88 675.99
157.02 669.36
784.88 423.6
223.06 163.61
367.6 51.27
268.78 206.21
395 420.42
283.12 235.11
903.47 419.63
81.12 346.69
658.68 320.23
423.75 274.33
732.02 363.54
857.11 506.45
151.83 391.86
821.71 724.66
949.77 549.3
335.73 304.76
662.13 548.05
261.79 769.25
511.19 361.34
476.97 949.68
563.34 877.44
558.43 873.74
668.63 113.9
279.52 554.77
83.77 519.82
380.26 80.05
277.44 874.54
776.76 706.05
361.4 512.31
868.28 395.49
465.44 489.73
647.6 182.32
210.88 766.87
251.35 138.83
558.52 238.2
327.71 339.15
722.5 113.71
468.37 542.71
349.31 357.71
606.1 163.49
604.85 578.33
350.66 698.87
358.17 451.7
485.58 563.16
694.48 307.57
517.96 82.86
264.38 198.16
668.39 530.87
851.62 756.19
452.31 518.17
754.3 808.77
665.03 612.75
678.3 88.02
398.85 519.64
477.52 703.15
48.28 487.47
624.41 714.96
466.32 763.63
522.02 781.98
427.87 741.84
958.34 592.97
58.96 384.59
236.4 696.37
265.88 222.39
318.06 754.26
920.13 567.09
573.72 790.19
415.42 621.05
489.61 409.41
627.61 877.74
401.04 546.56
853.85 530.17
863.37 427.38
922.61 646.11
751.46 625.23
921.63 335.43
516.59 210.58
399.95 566.18
719.72 237.65
237.46 643.09
298.99 611.87
263.68 225.93
471.48 865.54
789.45 437.67
371.93 320.54
555.93 99.73
737.57 459.24
560.11 445.63
767.27 740.13
507.03 904.6
310.83 725.03
940.03 657.49
527.02 924.25
283.82 88.87
129.43 571.83
258.98 534.96
474.47 273.38
216.68 657.12
637.96 711.87
649.71 507.49
388.26 66.26
706.87 807.61
163.18 440.9
120.67 403.58
505.63 94.58
223.43 880.66
188.85 191.35
458.42 780.85
567.49 232.31
582.48 621.97
739.25 626.94
139.13 372.84
509.14 394.21
658.31 570.45
431.32 742.03
574.66 948
217.66 729.48
262.34 866.51
722.74 817.19
649.19 587.12
76.48 686.85
913.45 450.09
480.24 662.43
472.12 700.37
287.51 555.53
627.25 391.89
837.92 742.52
849.67 814.84
415.72 871
209.72 171.15
580.13 295.3
358.17 940.4
694.33 346.26
453.26 624.9
221.9 722.59
776.18 313.52
117.25 282.36
475.57 730.16
264.11 868.22
640.68 461.35
408.89 366.31
507.4 303.23
848.08 322.43
471.88 774.22
874.72 243.75
245.46 391.95
563.62 517.5
333.6 316.05
716.88 807.31
145.24 340.46
629.72 189.06
580.58 468.25
305.7 730.77
826.32 378.31
854.4 586.11
742.76 222.66
208.99 204.41
363.54 365.61
323.44 601.58
485.89 451.7
873.35 625.29
896.42 269.36
790.4 211.28
785.15 688.38
201.48 202.03
455.21 807.67
563.83 328.07
421.31 926.66
726.83 863.55
355.3 397.99
40.1 528.82
862.94 672.41
671.35 303.93
176.37 750.27
292.76 190.8
912.08 338.08
433.55 358.1
668.69 407.61
908.78 561.51
704.61 761.93
258.49 877.77
848.72 482.47
343.27 768.94
168.37 738.98
840.24 739.68
329.17 126.07
710.1 117.44
666.71 456.43
792.81 208.08
733.12 390.58
196.57 690.82
228.83 780.76
442.95 554.77
267.25 456.34
543.63 535.17
399.88 74.16
386.21 525.07
175.33 191.9
715.45 446
787.8 351.05
828.58 594.74
97.96 489.18
194.43 197.24
66.84 622.27
568.41 77.97
450.18 296.21
373.76 283.73
656.82 136.27
678.7 278.57
789.18 851.53
807.49 234.6
395.95 100.8
368.11 74.34
718.89 559.74
462.23 117.71
647.76 311.78
826.41 455.09
472.88 943.75
750.97 792.66
409.83 434.58
922.27 700.67
359.48 746.12
526.54 92.81
355.57 847.99
331.52 320.51
569.32 71.66
630.15 822.02
225.56 575.61
558.64 140.54
410.44 227.27
377.36 185.55
305.34 853.33
366.01 222.79
373.49 540.97
331.64 124.67
617.27 924.34
693.26 705.74
348.03 908.6
237.83 730.61
771.2 711.48
348.46 631.86
490.46 741.11
814.84 849.67
353.4 807.31
970.53 500
79.23 542.62
597.06 636.49
800.13 293.13
873.53 420.39
75.08 405.71
355.2 621.51
380.5 681.6
559.37 88.38
475.17 817.93
610.03 862.64
804.1 801.32
86.46 675.47
538.5 909.6
360.12 352.15
790.55 794
474.07 750.72
961.15 450.85
925.81 335
406.84 648.52
382.12 479.35
311.11 130.86
449.23 290.6
831.93 337.41
729.82 441.11
629.2 522.29
701.07 400.49
664.78 74.83
477.77 767.24
97.99 302.68
870.97 767.2
472.95 314.25
270.3 97.75
534.9 48.37
797.88 297.19
447.65 562.43
761.22 291.06
670.92 351.12
166.97 702.14
464.37 407.76
588.37 145.57
794.64 832.18
425.09 50.54
840.88 473.01
842.68 741.51
601.98 919.37
561.72 367.41
588.06 420.82
715.32 122.93
518.48 501.6
468.18 44.56
714.65 523.82
87.01 578.94
597.22 444.72
542.25 787.93
560.87 838.62
678.55 908.99
678.52 460.28
180.91 424.21
858.79 279.55
391.95 537.49
331.95 717.64
366.16 165.5
547.99 513.57
414.17 411.63
547.41 577.26
210.76 537.1
565.29 251.2
435.04 839.9
212.62 462.9
715.51 120.79
395.55 659.38
423.54 504.65
518.97 67.72
52.19 489.36
657.98 256.14
200.48 330.91
687.37 266.76
405.93 385.14
670.92 402.84
161.41 355.94
301.89 215.16
674.89 765.01
383.25 473.49
410.84 688.99
542.89 218.48
72.82 586.63
154.27 606.28
839.66 708.76
804.83 522.17
149.54 625.87
531.14 83.56
308.6 425.46
625.05 246.96
91.43 432.72
268.56 230.17
292.95 696.95
581.74 615.59
481.52 138.92
427.93 196.51
726 651.54
314.98 771.63
259.44 126.65
321.48 481.92
863.16 340.34
906.7 678.67
482.07 656.79
49.41 606.89
770.71 143.28
815.85 780.27
381.79 269.97
495.25 745.2
456.77 188.12
324.78 783.84
681.11 737.79
106.91 527.88
168.4 711.87
805.29 784.97
272.77 409.04
222.24 220.89
164.07 259.65
203.01 531.85
461.99 360.12
879.02 691.64
618.15 829.07
474.5 455.15
135.47 371.75
295.85 442.7
290.87 240.94
324.47 520.31
350.9 832.79
282.24 300.82
487.35 671.29
500.08 326.55
220.04 500.32
722.16 172.77
158.82 207.92
475.84 615.19
301.03 632.65
868.28 776.15
789.85 292.21
388.68 86.67
135.38 746.42
586.78 710.84
906.58 605.52
181.04 345.13
348.98 473.1
730.22 481.12
328.01 142.19
173.59 541.83
897.12 409.92
759.88 671.32
673.64 95.1
399.49 273.2
656.45 729.21
635.98 663.23
471.14 481.31
379.22 242.01
510.45 487.14
352.76 690.6
656.97 672.6
175.82 482.65
53.38 540.85
701.56 301.64
360.06 473.34
173.86 733.79
221.23 301.8
798 495.68
144.17 573.17
865.47 642.81
535.29 42.21
670.74 170.84
512.89 461.13
688.8 301.8
535.39 235.6
576.16 798.67
144.66 253.64
150.64 652.21
380.93 239.84
123.63 234.72
721.52 630.82
153.05 551.01
290.96 767.6
712.97 907.19
463.97 880.73
352.95 317
137.61 472.67
771.6 378.15
577.23 367.5
319.99 412.12
424.73 284.95
350.9 480.45
794.18 702.6
409.74 699.73
491.62 50.94
455.31 182.35
790 473.25
787.53 605.49
345.07 786.86
203.07 513.78
878.2 541.34
779.81 191.53
859.83 231.18
502.03 825.1
502.43 912.32
255.78 300.27
289.59 657.98
610.37 722.59
308.62 70.15
280.34 532.7
867.12 425.89
642.2 384.9
486.22 354.29
393.81 850.67
378.06 139.68
721.4 172.22
620.14 91.56
41.57 543.2
644.55 210.82
334.09 698.66
299.75 218.15
379.44 401.38
552.02 749.26
815.3 328.84
32.05 549.18
560.75 534.23
530.63 460.4
405.68 391
396.89 717.67
567.67 597.74
216.1 389.2
440.96 682.85
599.57 60.55
876.4 548.66
836.57 794.52
405.56 230.9
557.57 596.88
639.48 875.18
41.87 527.36
793.3 290.9
769.46 699.48
872.62 285.47
176.58 331.52
352.76 906.61
665.4 809.32
185.16 849.67
549.12 112.37
193.55 197.24
264.32 869.29
646.69 834.41
616.38 263.83
754.81 241.25
626 272.99
427.78 677.57
281.41 423.54
596.61 397.75
177.22 357.86
555.19 356.46
440.29 223.33
637.56 642.75
448.41 786.95
610.34 952.7
427.23 272.96
769.28 287.24
376.45 211.55
684.07 768.06
206.34 736.11
366.34 56.86
605.21 73.15
620.41 900.2
471.72 498.58
771.2 661.09
66.87 526.9
903.26 639.21
947.29 623.4
185.55 721.18
190.86 393.72
348.22 822.11
734.58 589.95
864.47 332.38
197.76 705.59
635.3 691.34
392.25 951.41
882.84 576.19
591.27 86.12
598.8 499.53
832.76 650.26
476.21 472.88
629.08 512.41
935.33 562.67
255.68 770.56
365.03 806.33
382.03 735.04
599.29 245.95
59.88 439.59
85.51 544.24
224.16 779.35
539.17 852.29
792.5 759.79
946.99 365.95
186.47 352.03
291.91 632.8
217.93 871.09
680.84 837.28
779.02 800.29
458.2 35.43
198.37 681.3
529.65 282.14
262.12 692.53
216.9 532.06
259.5 243.42
737.57 582.96
566.82 44.92
852.23 613.09
559.34 203.53
352.06 498.64
672.96 571.31
475.91 921.9
729.12 498.25
239.02 510.51
800.01 363.32
646.87 568.41
109.13 298.04
170.87 187.32
511.34 526.38
699.21 489.36
805.78 457.35
215.28 758.08
316.2 673.67
777.7 578.23
529.83 114.26
327.68 460.4
223.36 511.28
236.88 832.54
606.56 466.54
246.25 610.68
558.61 635.7
607.62 204.57
156.04 466.54
364.12 713.13
454.39 624.99
152.17 287.36
730.98 354.05
618.76 936
610.58 326.61
603.14 67.54
588.82 392.35
474.56 375.16
227.36 810.97
732.84 169.5
91.98 608.91
617.97 543.2
512.5 836.05
842.43 566.55
606.25 301.8
230.35 587.6
308.62 929.85
332.16 645.92
900.24 290.35
408.61 804.68
559.43 123.91
327.4 402.66
490.37 674.98
113.53 314.37
181.25 615.16
381.18 865.93
605.79 676.47
475.94 895.99
121.4 665.76
711.87 862.85
438.12 339.98
114.11 764.34
160.89 634.17
611.53 829.25
774.16 383.04
927.64 335.95
602.8 257.97
631.89 872.13
424.6 370.89
728.42 907.83
793.54 479.32
111.33 704.61
226.29 494.58
410.35 643.12
78.28 651.2
960.81 456.4
668.42 519.46
254.74 435.13
480.79 846.58
951.45 398.88
334.76 82.34
256.2 232.28
850.89 581.01
622.91 532.3
613.94 502
677.76 459.91
604.08 646.47
754.23 247.26
256.2 454.21
618.82 49.81
767.57 868.19
508.38 60.06
593.01 115.15
132.21 496.29
180.43 206.67
168.71 829.65
697.68 566.06
208.32 808.86
433.58 434.34
845.94 753.72
749.32 742.45
266.82 152.41
706.9 307.66
635.18 690.39
629.69 342.36
577.11 361.46
221.9 462.32
388.44 829.65
555.74 420
579.58 239.78
154.27 289.32
144.23 533.1
514.11 209.91
173.71 688.71
744.29 816.43
261.94 304.15
446.91 493.15
582.69 173.89
687.43 185.16
377.36 843.71
518.6 164.22
759.12 818.41
374.25 838.98
547.47 115.6
825.89 464.22
702.32 647.21
420.94 657.89
536.73 195.44
691.38 929.85
362.04 181.1
845.85 522.63
469.65 360.18
637.96 653.31
470.87 698.51
661.58 273.29
118.35 493.15
287 706.9
382.27 417.77
274 732.63
855.22 231.57
669.85 427.9
212.65 412
530.41 160.25
412.55 438.73
934.45 648.52
400.49 455.55
151.16 223.98
652.3 799.77
442.64 611.22
433.39 556.29
191.14 434.58
711.54 126.96
824.21 743.06
148.81 461.32
180.61 460.89
701.25 167.85
411.66 629.6
408.12 734.03
925.08 636.4
777.4 644.15
330.58 443.83
662.5 241.46
326.43 455.06
765.43 219.79
489.94 789.06
499.77 723.62
669.64 742.03
311.99 343.97
950.01 371.87
155.64 708.46
680.99 340.89
717.95 748.34
942.17 606.28
63.05 424.97
120.49 584.95
279.49 238.26
816.06 475.75
551.44 958.37
940.76 569.08
354.47 602.07
483.78 963.65
683.22 735.07
261.48 153.36
467.76 214.55
158.42 363.87
655.17 801.97
568.59 340.62
230.14 180.52
264.87 327.74
323.8 884.79
745.23 460.98
364.15 657.58
486.47 834.86
97.78 399.88
772.82 407.51
247.51 750.72
314.92 734.37
414.38 740.41
169.56 354.53
911.44 445.94
590.59 171.64
343.7 126.32
248.79 870.33
339.12 531.79
859.28 552.48
769.65 756.61
793.94 446.52
417.28 552.81
429.46 438.46
176.49 778.01
694.11 781.58
519.12 284.74
619.04 524.92
174.23 345.5
374.37 879.7
609.67 453.14
640.86 278.33
858.61 209.05
156.87 621.17
702.57 304.51
377.61 80.11
588.49 283.79
349.96 98.85
617.85 322.03
863.19 655.02
404.52 169.07
171.45 769.74
177.8 787.9
625.9 92.93
291.21 770.81
872.77 613.15
642.6 897.55
317.24 361.37
248.45 241.25
663.47 606.77
412.15 794.7
637.13 481.22
310.74 808.44
641.29 811.18
475.23 85.97
424.3 828.85
63.14 396.92
644.34 579.15
343.97 323.1
664.63 515.64
586.96 649.83
681.08 276.99
568.41 65.89
311.69 868.92
285.68 353.37
821.68 229.77
694.57 784.78
907.19 537.4
628.04 144.17
535.94 127.38
790.55 775.14
539.48 671.56
761.28 250.62
358.2 255.5
563.07 162.76
733.6 600.42
695.06 526.44
584.52 559.68
267.49 499.5
471.08 851.89
427.81 230.11
447.07 438.25
629.54 230.57
183.51 776.27
636.56 157.17
739.4 714.32
663.41 578.84
729.09 789.3
246.89 582.08
84.87 654.44
402.75 214.09
829.34 681.14
617.82 231.88
457.93 736.63
932.74 417.22
95.74 345.77
122.68 774.96
677.24 468.86
610.43 413.37
335.98 133.79
863.37 346.08
262.09 786.37
802.27 271.16
817.62 158.12
617.91 893.83
303.08 256.26
677.42 600.79
683.83 134.31
406.23 53.87
220.37 393.99
349.31 67.87
79.84 349.68
370.46 652.58
770.38 244.73
677.79 292.34
761.68 752.01
603.5 176.85
215.89 787.74
606.56 243.9
460.01 698.11
298.72 282.39
178.29 505.97
308.39 550.22
361.19 367.17
387.62 646.14
567.95 542.44
794.52 669.45
177.98 671.74
374.07 491.26
642.41 655.05
796.38 601.64
696.86 781.98
300.27 398.82
385.39 455.67
551.44 881.86
210.18 209.42
246.04 306.74
591.66 644.22
420.67 645.99
735.13 384.93
546.49 640.46
387.83 262.31
175.24 668.72
467.6 804.74
376.54 57.65
711.33 799.19
522.2 316.75
772.21 198.74
110.2 592.94
621.91 218.27
535.14 299.11
265.42 886.23
415.23 585.38
540.24 921.84
612.23 814.45
551.01 320.93
544.48 357.43
344.1 517.72
529.68 764.06
144.05 572.68
627.31 802.79
675.86 105.53
427.05 858.97
189.76 370.01
654.5 795.59
478.16 344.83
805.72 328.01
284.04 633.59
72.18 374.34
734.43 824.61
467.48 499.31
920.44 413.43
246.86 564.38
392.32 365.64
179.11 723.32
81.61 699.76
269.6 276.83
635.52 326.18
730.98 255.47
457.14 51.7
594.59 710.17
458.54 445.3
737.97 754.91
557.94 471.57
609.52 517.59
452.25 298.04
431.81 655.23
696.4 182.44
164.59 589.89
620.26 846.4
115.12 241.55
732.78 574.76
602.25 133.03
741.02 278.48
194.74 521.38
880.34 688.77
563.98 358.47
249.28 649.92
268.65 140.97
448.26 246.19
119.34 223.43
725.12 141.85
856.84 680.99
206.92 416.7
576.59 773.67
518.88 673.6
338.69 554.8
553.85 506.82
326.79 160.8
915.71 393.32
694.11 209.33
265.33 589.34
325.63 794.03
450.15 518.08
808.62 433.61
686.82 79.2
336.22 92.07
459.43 370.92
216.96 130.31
348.61 745.05
317.97 914.79
245.77 303.96
860.71 736.66
784.23 286.29
305.73 144.66
378.34 86.25
368.82 936.43
584.92 294.08
577.17 872.68
922.7 351.18
665.46 416.94
98.67 687.7
846.28 756.28
332.74 537
405.59 421.25
557.91 454.12
776.09 490.68
668.39 582.48
763.54 154.88
563.59 930.57
526.47 720.15
479.6 825.74
549.18 967.95
689.35 336.47
481.22 461.29
745.41 643.33
348.7 70.89
732.57 877.62
270.73 837.03
332.96 770.17
936.7 586.23
79.71 647.91
252.97 877.56
78.55 569.05
729.73 237.98
272.44 219.37
543.69 627.77
911.04 646.9
547.72 806.6
786.19 158.27
870.69 463.67
345.19 665.82
468.12 289.68
76.66 649.49
562.79 128.54
412.18 424.54
879.24 295.36
440.14 124.64
319.74 673.67
238.96 827.42
360.67 228.89
913.14 663.29
496.02 773.09
852.41 642.72
133.61 229.16
276.31 517.75
650.69 507.58
513.78 902.65
599.26 163.43
277.99 705.92
675.62 571.55
539.54 271.19
303.26 562.36
577.96 580.83
740.65 847.16
833.12 288.19
214.21 375.71
847.59 243.87
75.87 647.63
838.1 722.83
680.38 532.49
621.63 458.24
298.41 718.65
477.58 41.72
626.51 139.71
527.97 59.05
528.98 189
446.52 512.74
851.8 234.53
346.87 346.81
480.15 748.68
233.99 516.07
123.33 438.55
609.55 574.3
338.51 790.58
539.45 459.49
253.58 546.04
812.71 401.01
237.98 887.63
795.34 159.12
477.43 732.51
520.58 447.13
443.1 684.41
104.31 418.5
238.07 541.4
700.09 453.08
701.8 348.19
573.5 393.6
365.37 652.73
519.43 636.8
596.73 632.83
563.49 530.99
220.74 262.73
376.11 522.29
887.14 559.59
209.42 853.69
853.94 410.84
496.38 183.42
664.27 97.35
612.29 179.57
858.85 211.89
591.36 568.35
438.95 183.9
568.38 867.12
184.48 382
468.83 285.1
761.71 588.49
740.38 682.36
280.04 865.87
522.11 161.47
922.42 518.94
782.49 841.58
587.3 664.75
737.94 353.4
247.57 106.36
525.41 653.43
355.75 491.07
288.83 336.77
498.67 660.54
706.5 919.22
806.45 648.43
872.59 666.1
894.22 369.91
885.4 700.06
184.85 217.96
289.53 317.51
739.56 753.87
747.61 771.39
300.94 79.01
636.1 815.88
649.04 756.07
943.17 374.43
164.34 601.34
206.15 270.97
59.21 384.56
923.64 504.87
434.95 316.2
372.33 556.72
483.11 368.36
910.28 618.73
209.08 636.01
462.84 820.28
697.59 878.35
413.07 532.64
638.72 517.38
370.4 305.58
638.87 798.09
616.26 455.58
108.37 401.93
677.97 920.29
95.19 345.84
257.18 577.78
645.4 52.5
503.46 510.97
734.18 805.9
298.59 530.47
282.66 216.5
480.03 486.47
222.08 373.94
713.19 288.92
347.18 618.34
560.5 687.25
286.63 531.54
221.66 714.22
535.66 710.65
157.96 728.6
290.02 252.2
527.36 413.46
530.32 625.2
334.57 857.81
778.1 603.41
700.49 195.56
335.15 590.14
659.02 886.04
598.83 694.3
415.78 477.86
111.03 672.72
345.62 528.12
460.68 40.04
469.34 55.64
595.45 256.05
270.94 632.83
501.11 887.57
128.09 566.55
433.79 141.12
128.85 691.52
215 714.8
390.94 177.25
850.09 808.13
289.13 426.71
569.96 87.44
62.93 483.72
727.84 563.49
597.83 960.24
742.61 151.22
820.7 833.46
864.5 357.98
234.29 684.87
144.81 679.22
785.97 477.98
438.76 724.91
621.36 217.99
245.28 342.23
609.61 450.85
543.47 277.23
802 298.99
550.19 122.07
273.17 189.92
885.46 596.36
257.97 469.71
565.11 877.44
469.34 628.04
285.5 601.37
222.02 856.17
363.41 418.78
602.8 255.81
415.54 878.35
268.81 445.84
314.31 675.86
693.75 822.17
921.29 578.63
542.41 118.02
855.86 265.45
684.62 570.45
251.29 652.18
243.69 213.17
193.18 726
794.52 831.78
223.94 702.17
494.22 929.2
311.47 565.45
713.61 700.55
460.71 471.91
699.48 324.44
752.53 381.08
383.71 167.7
519.7 478.87
828.85 379.44
667.35 835.99
403.18 581.41
609.88 726.98
591.94 377.21
321.21 430.46
225.87 471.79
179.72 749.75
506.97 375.87
262.73 599.38
663.53 551.16
241.1 833.03
411.39 95.89
837.79 563.22
497.02 699.88
536 659.9
476.88 81.58
262.09 701.32
371.32 446.61
319.68 838.68
279.31 498.7
154.7 401.84
746.88 224.89
385.33 94.73
684.41 906.09
301.83 140.75
419.78 71.63
519.91 851.83
661.46 810.11
150.52 713.1
746.94 217.78
832.82 257.82
613.33 832.45
286.63 184.76
422.47 269.97
474.93 830.07
717.46 108.52
540.79 632.13
79.93 412.12
364.85 230.72
245.58 509.63
853.63 727.23
947.72 588.12
784.2 275.19
771.11 257
737.05 407.06
796.69 739.07
318.22 844.6
413.04 385.27
647.05 183.36
365.86 86.12
695.94 333.29
184.39 350.96
561.85 803.8
380.05 508.01
456.1 586.26
237.46 519.61
383.28 909.57
736.14 268.17
452.8 608.69
354.96 944.67
779.41 695.52
490.46 563.31
209.51 463.09
265.76 247.2
395.79 387.71
449.9 596.18
318.52 688.99
72.85 651.94
593.13 123.05
327.28 517.65
482.28 646.66
193.64 434.34
719.84 365.67
953.15 504.35
624.53 826.96
377.91 208.99
40.62 551.9
336.92 769.16
379.62 519.61
607.01 58.44
355.48 632.86
427.72 265.18
277.69 592.85
307.41 528.73
234.17 116.64
651.97 460.19
405.99 118.56
327.68 435.1
416.43 457.59
190.62 485.82
425.61 705.68
339.98 194.74
313.94 536.3
738.36 198.13
100.96 606.07
769.95 781.24
385.54 538.62
148.38 512.1
142.03 688.19
444.47 383.53
334.91 343.76
135.47 328.93
704.31 163.52
102.63 445.66
862.73 383.56
505.33 852.99
227 717.98
715.08 850.4
100.92 735.68
759.97 153.36
205.57 290.57
478.19 225.93
914.15 560.69
471.57 735.83
216.04 792.14
367.84 528.12
490.71 192.18
191.72 655.17
476.85 642.87
145.63 411.18
245.16 559.95
539.78 203.99
771.02 779.38
713.34 668.42
565.29 400.52
496.17 258.13
766.41 536.42
810.05 333.41
944.98 422.38
766.56 474.41
69.83 614.12
117.07 338.91
880.09 567.74
277.81 208.69
591.63 339.61
635.4 938.9
525.62 564.04
681.36 246.59
455.21 648.92
511.06 389.23
477.65 193.33
153.78 298.99
236.37 447.34
339.7 248.7
837.49 375.35
594.68 701.22
798.67 623.8
189.92 684.68
167.39 679.1
181.77 308.15
121.65 421.61
582.87 886.07
204.87 295.21
188.06 605.33
803.77 144.41
954.86 605.85
566.76 177.8
360.06 456.07
672.78 709.25
438.15 542.44
438.15 380.78
397.29 113.01
275 546.62
903.81 481.8
802.48 166.14
128.82 487.44
948.58 623.89
686.45 645.13
888.33 736.9
669.18 896.82
264.93 134.07
726.62 487.32
417.31 362.68
334.24 732.41
678.79 314.83
845.15 366.25
685.14 926.94
570.42 140.2
609.24 129.43
693.53 812.71
809.2 849.12
867.31 220.68
37.66 440.93
928.4 477.31
687.46 659.57
55.64 430.16
777.18 689.11
500.08 709.68
386.88 540.88
869.29 555.22
204.26 592.15
558.43 271.16
793.76 256.81
235.57 314
178.66 352.82
638.11 266.49
532.49 583.24
478.19 372.05
293.56 201.54
514.27 803.55
150.33 814.84
656.45 73.43
409.71 323.37
504.59 465.47
756.16 803.03
781.67 398.66
246.44 802.85
186.19 793.85
451.16 278.33
180.24 481.67
582.81 682.61
415.45 895.2
596.39 45.78
616.14 916.53
179.66 801.02
493.21 882.23
415.63 922.64
923.09 628.89
119.34 776.57
757.19 805.51
851.07 806.02
