585.01 479.87
323.01 347.33
550.04 633.84
72 15
710.5 513.53
147.31 165.9
531.66 571.18
601.76 607.17
450.79 352.12
519.88 301.95
611.5 392.44
266.21 297.28
275.89 272.9
587.91 691.18
743.74 468.46
457.96 949.16
599.05 385.24
735.01 608.97
572.41 361.34
151.55 225.1
425.15 802.88
699.76 504.81
821.68 582.05
191.35 177.89
817.19 475.26
279.58 568.74
682.24 755.85
721.92 475.3
517.01 662.98
549.55 345.99
471.72 374.98
456.1 271.89
739.19 567.28
500.9 890.16
843.04 626.76
286.08 336.31
600.24 747.22
252.72 144.47
210.58 115.6
752.22 686.15
577.87 532.58
628.07 604.14
451.61 466.35
597.83 634.72
624.77 720.91
565.75 375.13
242.87 188.94
604.72 698.51
584.61 351.3
740.75 612.05
620.38 691.12
576.04 867.73
315.01 569.2
305.83 173.92
640.98 820
545.09 448.26
408.98 298.75
465.56 501.21
127.23 65.74
784.97 524.58
227.09 290.29
919.98 551.16
492.54 379.13
496.81 793.36
509.26 382.37
688.16 532.15
606.28 395.18
863.25 491.5
747.34 496.9
380.11 785.36
552.81 357.1
864.31 596.88
707.91 617.15
340.98 319.41
367.56 661
526.54 611.1
402.42 253.7
743.8 615.22
229.44 249.55
524.67 426.8
146.55 125.1
398.6 432.78
534.23 842.1
693.53 397.69
398.69 241.1
435.5 890.22
601.55 786.16
222.33 383.01
811.06 662.07
530.14 685.63
644.52 706.56
274.97 145.18
367.53 694.54
218.63 155.92
189.28 247.69
645.56 656.76
569.54 422.04
943.02 540.57
578.57 536.45
255.29 396.95
197.67 155.89
644.34 454.33
604.3 697.35
441.3 684.47
396.53 835.72
574.45 442.06
627.34 708.52
260.2 407.64
393.57 397.41
388.1 570.57
353.56 733.7
745.35 736.38
200.17 272.59
367.84 517.65
654.84 438.52
694.02 615.71
654.9 543.99
727.87 530.96
679.92 692.8
372.11 388.62
212.47 321.91
439.86 507.86
605.95 758.54
401.07 349.8
306.41 284.22
401.9 727.29
611.59 808.37
875.42 582.6
793.18 462.2
590.62 589.43
569.2 816.06
341.56 232.09
725.58 628.93
535.57 902.01
713.89 480.94
307.47 573.32
472.98 762.05
647.63 691.64
838.92 556.66
371.23 779.5
231.67 204.6
414.56 416.52
535.48 570.02
259.99 426.8
644.92 746.85
912.53 521.96
154.09 142.86
242.59 391.95
654.01 781.88
342.54 480.61
775.51 641.65
548.23 712.36
669.82 765.16
623.37 445.75
505.54 489.39
449.72 889.34
251.96 203.01
556.35 544.48
332.44 315.96
653.58 410.53
497.54 507.64
650.59 514.48
733.97 737.17
164.86 211.28
580.1 690.3
204.41 170.57
381.73 303.99
426.37 801.54
461.35 494.86
490.89 632.04
522.17 790.37
731.74 553.36
394.94 481.89
345.87 697.87
295.3 476.97
308.73 373.82
269.36 208.01
844.78 609.27
894.47 623.04
522.6 730.64
284.37 170.96
645.04 812.71
375.07 649.83
228.61 418.47
556.6 806.39
371.04 366.89
560.08 624.04
267.4 291.97
681.66 561.45
500.44 706.38
646.63 597.22
460.07 748.16
476.55 626.48
403.88 383.62
432.17 931.55
382.98 533.13
602.34 498.55
378.22 233.04
407.03 305.31
279.31 560.72
890.35 574.33
256.94 169.84
337.66 279.73
515.55 490.55
412.27 924.71
475.75 401.65
951.32 548.36
801.66 592.85
454.79 862.3
356.21 715.32
297.92 182.1
346.9 539.93
557.97 800.26
388.29 548.78
671.96 450.94
600.51 487.35
355.33 229.93
478.44 691.79
326.46 537.49
570.79 336.53
290.17 219.28
807 650.44
838.19 618.52
540.57 604.05
568.68 777.37
640.03 696.74
241.89 289.53
220.13 300.91
786.86 649.62
453.72 758.84
873.26 567.58
635 618.85
594.78 593.13
239.05 255.13
406.81 794.95
379.44 727.56
604.57 353.98
361.25 668.11
201.67 282.36
355.45 532
290.99 219.98
290.63 605.82
542.62 689.05
258.89 169.01
228.64 189
403.15 413.5
421.95 954.5
414.38 340.56
623.13 808.4
394.42 276.86
433.24 368.48
418.78 384.87
337.41 393.38
418.59 608.29
151.19 207.92
471.82 629.14
220.95 107.33
903.99 521.71
222.66 302.62
478.47 310.62
414.41 764.73
427.47 724.17
846.98 637.81
359.63 475.02
341.53 182.29
272.29 205.94
446.46 912.99
472.09 699.24
277.44 299.54
629.9 795.07
859.46 517.44
383.86 643.27
515.09 431.53
677.94 527.42
271.49 499.5
204.63 197.73
192.91 199.53
679.83 786.13
105.44 61.89
331.46 684.56
433.27 674.64
267.1 482.83
527.85 802.06
486.68 827.78
368.48 282.39
211.25 324.56
248.82 403.82
608.11 783.65
761.77 433.33
636.46 804.56
568.96 533.01
706.96 470.93
294.75 344.65
525.1 811.12
829.22 554.4
473.92 451.31
918.88 548.84
279.79 546.46
463.85 359.66
442.09 585.92
379.04 632.04
557.6 482.59
255.96 410.29
707.6 442.73
224.46 405.56
399.58 506.12
335.31 328.41
289.96 533.52
328.17 674.58
460.34 582.75
412.76 922.3
111.58 102.02
490.74 453.75
653.43 418.5
877.96 520.04
725.7 630.6
374.13 813.41
413.8 279.43
241.25 318.61
698.42 670.25
320.69 307.63
236.21 260.81
624.84 756.04
700.55 630.7
380.9 523.94
864.13 591.94
671.77 553.48
349.59 572.59
538.65 405.59
670.77 738.52
801.2 612.9
348.52 482.62
630.27 575.7
457.93 642.32
893.31 547.65
615.96 719.9
404.74 614.49
394.76 603.63
488.08 451.37
761.8 578.78
335.73 583.06
360.33 749.75
414.96 433.91
269.72 453.02
224.98 261.33
411.69 232.06
341.72 723.04
603.38 621.45
531.66 715.51
510.91 458.45
466.29 606.77
678.27 612.75
861.32 628.5
889 575.15
834.32 670.28
205.51 291.79
249.76 215.92
374.74 557.97
736.26 736.05
388.71 550.19
327.68 430.04
627.34 695.67
490.13 668.39
497.15 701.13
371.99 481.8
520.74 325.97
737.82 563.95
643.42 721.43
479.81 727.5
625.69 767.27
326.15 254.71
484.97 751.88
561.94 347.91
401.68 272.68
888.88 592.36
606.62 347.36
402.51 321.73
398.66 657.58
258.06 287.03
322.15 229.83
227.36 375.96
719.29 558.49
547.93 368.6
109.41 68.88
320.14 308.33
598.5 579.55
709.8 581.29
305.25 475.11
377.24 510.94
677.33 723.26
707.66 615.8
456.68 784.63
612.23 774.71
612.6 839.38
157.29 107.7
398.24 430.86
205.91 229.22
320.38 216.77
443.19 948.76
300.61 519.49
289.68 172.46
446.03 682.03
87.98 50.72
576.86 862.51
592.67 603.35
418.04 343.85
317.06 211.55
781.85 490.77
397.6 568.59
445.23 706.56
568.56 585.1
375.23 776.02
905.82 564.29
513.93 843.32
690.63 618.73
396.53 878.38
680.78 640.8
950.68 562.24
271.31 510.18
169.87 149.02
722.1 691.52
556.81 622.15
598.19 513.93
381.6 762.32
597.16 564.38
872.71 584.77
236.4 321.6
655.42 657.83
760.43 499.62
419.87 470.99
832.33 573.5
494.19 394.7
417.92 752.83
330.09 347.7
509.78 911.47
861.32 570.21
425.12 940.31
604.69 491.04
536.79 300.85
848.69 545.95
208.75 383.62
447.89 775.02
538.68 644.22
643.48 713.83
953.7 570.27
197.7 332.13
760.67 648.98
394.51 756.04
692.01 406.99
498.49 640.92
182.32 231.64
302.29 218.57
596.3 855.95
334.06 583
599.54 435.56
903.59 586.05
277.05 560.99
615.53 632.83
838.59 547.47
645.1 571.34
563.01 765.86
461.96 290.14
427.05 649.56
752.07 539.2
537.58 382.58
456.47 847.16
361 379.89
495.13 315.07
374.58 553.39
698.42 458.94
371.41 209.42
363.44 454.05
433.15 705.13
287.24 481.12
325.85 420.67
300.12 332.38
626.91 549.27
476.73 928.5
689.63 652.36
552.63 394.51
381.27 795.56
194.28 277.78
330.18 436.96
512.65 416.33
579.91 498.09
910.46 540.42
631.31 451.8
575.03 526.75
364.97 495.96
571.86 408.03
334.21 705.01
442.18 761.68
453.35 642.72
216.47 258.55
413.31 225.01
466.17 657
547.9 866.48
688.8 412.58
594.26 714.35
867.95 622.06
435.26 653.37
873.04 550.49
133.06 166.97
340.92 630.33
443.22 647.88
785.52 630.7
260.08 222.27
672.78 377.09
408.58 776.76
786.65 643.88
742.03 498.06
398.36 732.66
502.61 739.04
296.7 605.55
420.94 873.74
571.21 703.24
507.4 522.39
432.48 817.65
575.76 448.41
396.74 372.69
333.96 545.58
347.45 252.45
348.95 462.17
442.64 395.09
729.03 619.77
156.35 197.27
124.33 132.63
497.21 536.85
869.72 530.08
432.72 736.01
548.75 351.05
693.99 687.58
417.34 742.21
335.64 506.18
571.25 821.53
445.84 858.15
655.51 693.26
514.33 349.68
635.7 750.54
453.32 740.75
367.87 803.64
319.56 318.25
322.24 678.76
499.47 367.23
240.7 199.53
441.57 939.45
535.29 695.67
412.27 749.44
544.54 662.04
502.52 700.43
553.61 338.57
665.82 716.94
649.8 617.6
772 662.56
433.79 382.31
265.66 449.02
542.07 438.89
812.52 687
242.74 129.25
461.65 841.61
309.52 460.83
333.72 501.42
494.74 358.71
634.33 809.6
282.91 227.42
286.11 446.52
416.27 272.65
390.51 314.71
434.83 902.01
405.68 735.47
712.06 581.19
946.2 581.38
458.57 429.27
358.23 604.3
598.86 422.47
111.67 41.6
705.44 710.84
340.37 486.71
531.36 427.05
432 993
357.52 618.09
588.55 820.95
507.61 423.75
550.31 496.11
375.56 324.56
254.62 298.1
883.27 549.67
442.88 750.54
270.61 263.28
626.85 556.57
697.35 572.5
645.25 659.05
641.38 812.25
751.3 563.28
496.84 715.81
118.2 132.05
746.18 526.17
141.64 172.31
513.44 547.17
384.35 243.93
795.53 677.11
306.44 553.15
720.94 743.22
312.45 536.24
820.52 500.66
114.47 61.62
610.1 554.4
813.04 497.33
343.7 327.16
536.64 554.64
335.22 319.19
401.29 519.24
255.23 141.94
790.95 661.73
344.83 454.42
819.88 513.72
465.04 607.65
308.42 588.12
294.41 152.04
556.6 736.17
376.93 211.28
323.22 409.13
447.13 789.82
236.24 343.18
662.4 748.13
263.19 525.04
308.3 435.99
594.13 357.01
381.15 328.32
867.03 522.84
364.7 705.34
614.09 382.37
426.53 325.63
459.97 546.77
577.99 352.31
393.75 816.61
689.29 430.56
404.22 766.87
429.15 318.19
420.7 708.98
226.02 265.02
670 511.76
448.9 853.18
684.26 486.62
410.93 488.78
667.13 503.46
713.77 569.93
401.1 530.32
810.42 686.12
770.68 457.78
251.38 319.99
570.15 396.22
468.49 492.23
379.56 356.58
892.85 600.97
233.16 368.88
458.14 421.46
790.34 569.99
840.88 596.12
551.62 468.43
612.93 737.33
591.97 360.79
602.74 651.17
316.08 201.39
468.09 529.25
440.32 909.3
168.03 206.52
373.52 799.77
738.82 472.79
503.52 554.67
416.49 476.64
479.51 851.34
275.7 241.55
191.84 107.52
165.29 179.85
330.94 695.12
588.55 799.58
445.27 313.88
864.44 522.42
474.14 365.61
469.5 877.32
189.34 326.55
716.67 664.27
330.97 320.63
433.33 386.79
431.99 768.79
121.07 52.1
349.8 592.12
253.73 315.87
139.96 161.11
542.5 788.05
505.42 860.01
667.01 551.19
732.66 680.07
478.38 568.04
570.97 408.06
874.11 498.64
656.18 794.52
553.27 651.81
146.43 128.24
458.75 612.35
381.97 441.94
475.45 275.37
170.57 168.25
557.24 636.34
664.05 717.22
623.07 469.28
406.2 639.88
459.46 420.76
830.84 556.11
501.69 837.46
849.45 591.08
362.44 763.79
410.93 494.13
723.29 616.99
446.3 520.77
298.87 345.56
444.04 466.63
421 422.74
581.87 705.47
194.95 287.64
825.16 511.31
768.06 531.63
728.32 753.69
690.69 616.14
544.42 615.96
421.67 675.34
206.09 325.91
568.04 323.5
251.84 462.2
238.44 454.94
487.26 596.06
420 259.71
255.75 401.78
441.42 707.85
384.04 313.43
269.57 232.28
677.42 412.27
731.01 594.65
644.18 525.13
727.84 734.73
855.31 614.15
842.52 542.44
625.05 357.49
614.92 737.57
407.06 619.74
555.96 486.92
596.79 782.28
312.88 607.44
618.88 381.12
814.87 470.44
533.46 609.61
272.77 508.35
457.47 593.22
490.43 782.22
391.64 264.66
265.08 176.82
570.18 657.58
620.65 508.22
458.48 923.8
411.24 619.86
819.42 585.8
796.56 615.96
441.36 864.99
557.21 514.51
270.73 427.75
745.9 539.66
490.98 671.87
426.53 565.08
532.3 663.32
640.25 490.89
479.54 944.09
202.52 234.63
607.9 526.02
230.32 369.91
590.81 338.15
542.47 787.07
438.73 953.89
618.67 631.82
563.25 432.94
385.33 560.44
577.04 620.75
645.59 549.7
265.69 382.24
741.84 505.54
725.18 594.29
722.71 670.49
447.49 359.23
568.59 719.38
793.12 554.52
410.29 394.79
496.78 592.24
711.91 521.04
797.33 628.53
728.14 711.23
686.54 757.87
186.96 237.83
522.08 527.09
686.42 450.24
332.22 238.32
458.51 931.15
273.78 306.92
430.16 249.46
153.75 66.62
813.56 527.82
785 518.3
475.78 655.54
531.27 473.19
299.63 322.18
474.9 736.11
704.73 524.37
832.06 601.64
452.44 950.93
680.38 384.2
662.31 758.2
626.33 809.93
628.96 360.94
202.55 249.82
462.94 537.83
454.7 687.09
148.69 215.12
714.01 550.13
261.91 311.35
572.5 389.26
348.43 697.16
607.84 481.98
375.04 526.54
376.05 698.93
297.07 379.59
502.43 858.61
701.07 743.06
502.12 290.02
559.5 837.34
631.58 402.2
538.93 334.51
411.15 630.05
761.62 493.12
710.96 601.95
400.4 748.5
500.69 274.15
552.51 637.13
453.26 476.85
537.46 849.7
614.49 414.75
309.64 223.64
591.48 390
528.34 796.5
683.77 466.63
837.43 563.25
755.18 492.11
220.04 143.38
495.19 899.44
838.62 597.95
565.69 467.94
443.07 256.32
424.09 410.11
731.77 690.88
251.63 123.87
502.55 322.21
164.68 139.35
769.98 661.18
800.32 541.03
714.9 710.07
450.67 663.9
588.06 362.74
422.07 329.87
790.22 670.92
925.81 574.63
582.72 872.59
465.5 491.87
702.41 764.49
277.93 160.77
226.81 421.12
580.74 772.61
612.51 466.05
681.84 542.62
423.51 927.95
863.52 539.75
479.69 702.99
508.99 792.26
843.1 523.61
577.96 353.8
622 658.01
510.61 361.61
794.7 694.88
502.55 368.76
476.27 516.92
593.98 638.45
560.5 480.91
617.36 588.95
707.27 738.43
437.67 799.49
407.15 757.99
386.82 602.31
532.18 303.9
600.3 443.62
541.12 337.05
620.81 502.55
415.75 486.5
438.34 404.22
672.14 576.65
345.59 603.44
846.58 557.12
514.02 306.1
480.85 328.53
247.93 183.36
662.77 486.1
427.26 551.29
862.91 612.93
600.67 546.62
501.6 529.98
353.77 762.6
574.91 484.18
287.76 168.95
667.07 730.43
309.43 368.72
427.99 637.84
469.25 344.86
592.79 484.15
565.36 568.53
609.73 829.95
532.18 645.65
452.28 928.74
650.07 655.93
677.36 401.1
358.99 450.79
719.99 455.79
586.47 775.54
815.49 517.35
653.83 540.15
431.93 676.02
465.83 255.84
724.91 679.01
753.84 525.07
382.43 783.53
704.09 572.99
358.17 210.27
153.05 74.83
547.29 768.7
544.91 365
547.65 302.84
468.37 567.16
401.07 501.97
230.38 423.84
282.33 188.91
537.86 429.64
615.56 564.41
616.96 388.47
560.08 484.08
339.61 655.08
762.54 653.68
569.66 416.03
411.54 482.86
363.05 797.78
202.06 109.74
457.9 259.83
634.75 708.33
771.17 596.7
498.79 361.03
410.53 619.04
600.57 557.51
380.26 735.65
656.48 762.72
214.12 245.98
440.96 259.13
572.53 744.1
923.8 600.57
202.37 254.04
645.89 426.13
427.17 724.02
900.63 612.41
675.47 402.08
370.71 529.86
326.18 319.41
491.84 941.68
338.63 506.42
271.65 538.74
443.13 930.91
768.06 517.78
655.51 431.65
574.76 366.31
641.71 476.39
805.48 524.52
587.51 833.7
532.98 532.76
200.57 220.37
516.43 786.03
331.64 648.82
429.15 256.69
513.05 665.09
546.22 649.16
503.56 334.33
181.25 122.38
794 455.7
456.19 952.48
310.4 483.75
482.19 744.87
524.22 452.04
629.93 772.24
382.61 566.15
837.58 647.85
250.07 443.31
211.43 128.33
462.32 465.62
377.7 435.04
816.13 511.12
428.69 337.93
437.36 243.23
387.43 536.7
267.1 155.31
737.66 553.82
404.71 886.41
560.53 576.77
586.32 796.96
454.39 711.87
473.13 594.84
476 352.61
763.94 552.45
689.78 469.04
440.6 659.17
599.81 752.34
725.55 585.47
463.55 356.49
582.11 419.9
178.53 138.74
648.92 502.37
666.71 715.9
547.65 412.06
507.1 613.82
406.96 872.59
538.47 595.48
372.33 803.95
889.46 609.88
388.01 826.59
496.9 439.04
379.19 820.83
299.51 351.02
164.74 209.08
362.8 441.39
480.39 649.04
429.73 295.88
598.71 820.09
765.83 600.3
251.56 377.36
932.46 583.64
424.51 560.35
400.77 602.07
542.53 681.72
463.12 578.14
535.51 303.69
393.9 596.67
688.92 471.63
621.75 611.32
481.92 775.84
427.96 832.3
269.42 348.98
413.5 382
658.89 393.41
232.06 420.42
387.37 714.41
691.61 766.87
330.88 562.76
529.47 483.02
491.78 315.87
696.8 722.46
456.04 375.74
404.03 237.07
573.6 404.22
598.19 425.43
714.5 438.76
905.97 571.31
496.14 448.68
440.66 323.68
374.65 791.16
325.08 397.87
407.94 598.35
342.45 548.57
798.43 478.8
485.95 942.11
433.24 371.72
609.42 582.05
571.15 489.85
463.09 563.89
332.1 483.75
603.32 342.94
415.17 826.23
737.36 646.9
246.56 265.79
294.87 312.02
353.22 234.44
252.27 185.83
525.93 781.09
567.77 718.19
429.27 457.66
486.5 787.1
514.73 780.94
486.71 862.18
314.62 196.23
419.29 758.48
624.04 383.53
520.46 911.8
581.56 328.78
393.32 321.63
536.67 666.55
352.79 642.32
444.99 927.21
598.35 365.89
670.19 654.99
516.46 445.91
684.93 679.65
796.9 627.95
623.07 634.82
617.57 610.74
615.96 645.01
599.96 748.92
441.24 978.76
259.62 131.2
235.91 124.36
799.4 686.3
603.17 723.69
554.52 762.29
870.91 593.86
623.55 639.52
674.61 626.42
554.89 599.23
483.6 648.15
601.64 781.24
551.59 376.11
419.6 893.46
323.4 437.45
508.04 684.41
414.81 877.74
594.53 441.63
844.33 489.21
628.16 547.81
331.71 310.22
187.66 137.79
103.4 76.2
362.38 566.52
278.48 213.84
560.63 461.47
742.7 557.73
434.61 873.17
721.3 709.95
447.71 486.47
235.85 152.13
728.32 535.72
512.53 641.68
651.6 616.44
466.63 460.77
215.31 383.68
153.94 195.99
267.22 337.26
774.9 504.59
730.34 681.23
341.07 658.59
498.28 435.62
878.87 626.33
124.76 60.95
355.6 585.19
349.59 637.62
324.41 226.02
290.87 320.11
625.26 420.03
726.98 526.87
183.2 297.68
449.29 772.61
178.66 200.99
482.74 833.22
546.31 694.27
487.29 918.67
442.76 808.4
300.85 310.8
553.03 308.42
620.53 658.1
320.57 391.77
349.53 420.67
498.46 517.96
469.07 404.58
608.02 851.5
477.55 415.45
295.82 193.24
280.16 536.18
713.06 766.35
391.16 336.04
689.5 569.6
440.75 837.55
483.2 938.02
841.06 547.9
335.92 274.85
836.05 647.85
639.18 676.84
233.71 164.31
141.54 114.05
684.38 541.76
280.89 166.2
592.43 396.86
236.85 278.73
394.6 327.95
762.57 627.77
568.29 753.96
681.6 518.78
400.92 781.73
432.26 978.36
489.88 375.23
745.26 734.31
438.25 908.44
387.86 734.64
764.82 608.91
334.79 696.52
147.13 82.95
680.5 463.36
448.9 643.09
227.91 265.6
443.59 314.62
865.63 538.13
590.56 584.12
635.94 794.43
720.97 414.56
254.89 366.8
681.94 693.26
767.91 661.79
491.81 772.76
327.56 349.5
238.38 373.21
208.32 262.18
447.46 463.58
521.96 710.44
651.42 796.62
495.47 313.94
390.64 526.26
196.26 277.29
295.88 351.21
459.64 868.71
417.55 728.66
187.9 161.41
636.07 583.85
355.17 643.33
431.56 572.59
305.19 444.35
233.92 208.53
831.75 641.74
314.92 182.62
247.96 226.02
151.65 163.09
309.92 380.38
525.1 516.1
897.67 608.75
427.72 919.16
408.46 758.29
630.15 627.06
178.81 254.04
558.37 745.84
670.92 385.42
609.55 690.88
733.7 747.25
459.7 677.85
612.38 574.57
564.5 825.95
562.09 498.61
341.29 193.64
382.61 352.79
483.63 894.59
439.74 312.33
172.98 117.68
522.93 369.27
655.51 810.97
332.83 210.12
526.29 403.12
788.48 609.79
675.47 471.57
209.81 353.07
239.78 345.44
362.41 736.99
329.54 594.1
804.04 625.9
495.53 862.58
376.72 531.85
601.09 452.41
597.25 724.94
718.25 637.93
593.43 842.59
470.41 794.46
439.86 735.19
132.24 144.08
481.83 805.51
611.9 446.85
526.96 686.94
505.14 484.45
518.11 418.01
469.07 303.38
618.52 376.63
569.32 510.48
393.14 428.33
534.68 541.03
906.03 601.95
633.56 520.8
446.73 263.41
255.68 440.05
918.55 597.77
818.81 624.84
298.78 211.28
634.78 769.65
362.8 298.17
588.92 654.1
632.56 556.96
857.54 611.9
863.8 498.4
573.9 856.07
643.39 400.98
203.74 309.55
932.52 548.51
272.74 343.67
390.91 638.45
719.81 528.79
666.01 406.2
732.23 460.52
660.82 648.03
713.43 534.65
734.98 487.26
233.34 254.04
826.99 665.21
368.24 197.15
818.08 532.18
500.38 839.81
663.05 519.27
698.66 589.71
566.45 405.99
457.53 426.01
445.97 884.09
477.28 593.74
505.87 687.86
525.59 839.32
424.57 540.88
174.38 163.91
579.27 401.5
594.07 837.52
593.52 805.44
412.95 311.41
601.06 832.97
480.03 416.85
151.55 121.1
901.58 546.98
470.32 530.05
367.69 481.61
753.44 667.87
234.02 319.47
730.06 608.87
318.31 593.62
540.79 311.23
744.8 652.55
379.19 659.63
455.89 763.12
819.91 508.62
704.25 466.69
475.97 290.75
329.75 339.58
506.09 299.17
461.96 899.78
660.18 584.15
93.48 55.48
574.21 609.88
809.02 548.54
602.68 704.52
310.8 482.25
663.08 419.51
591.24 496.14
536.61 412.55
266.67 444.26
514.79 748.34
783.5 643.88
409.53 437.79
678 792.14
709.22 724.05
592.46 844.02
865.14 567.43
634.75 407.79
171.09 111.88
620.14 823.97
607.26 343.97
260.99 494.92
375.26 618.55
353.04 329.51
382.89 581.04
510.48 843.81
255.17 129.86
451.06 879.48
477.07 597.61
385.88 270.15
532.76 293.01
317.97 260.2
332.13 199.38
512.16 839.63
532.12 513.47
642.48 787.74
405.77 311.35
651.81 644.28
353.1 670.8
176.92 186.71
622 490.28
931.09 582.81
387.77 780.08
476.12 772.61
825.37 676.5
306.38 493.27
323.5 298.29
624.07 429.88
432.91 952.64
159.61 200.87
506.33 916.41
463 738.27
387.52 688.19
175.73 174.81
401.17 724.57
227 361.95
350.14 747
470.11 525.32
306.16 168.61
452.83 586.93
526.81 565.63
117.01 108.25
449.75 857.63
366.19 370.83
727.47 676.72
861.54 506.27
460.28 849.36
737.6 599.6
590.9 378.61
693.38 744.04
384.72 703.7
537.8 327.98
409.16 741.48
761.41 470.17
574.05 381.94
432.66 479.93
582.78 519.3
419.02 845.45
169.29 135.87
679.19 448.13
550.43 306.62
259.56 323.71
496.87 541.58
390.88 734.03
841.58 516.5
325.24 204.72
324.63 643.94
464.52 570.6
495.56 732.08
692.01 426.37
742.58 667.32
807.46 465.9
407.73 706.99
676.69 456.74
479.32 883.39
468.34 722.37
330.21 679.53
765.07 652.42
425.03 703.09
616.2 454.42
94.39 44.07
309.76 464.64
488.33 453.35
518.17 700.89
738.82 576.37
760.09 449.23
518.3 577.96
208.04 329.45
652.09 736.72
552.48 331.28
511.34 337.29
440.29 412.09
203.71 160.1
603.69 543.32
229.96 134.34
639.18 667.04
778.1 539.9
537.71 512.44
458.51 319.44
534.32 532.85
350.81 278.39
156.8 166.81
185.09 202
309.06 566.76
400.22 550.61
373.82 440.26
457.11 418.93
391.4 624.41
373.03 529.4
643.39 470.69
428.94 860.23
539.84 708.18
342.33 300.79
368.91 761.93
642.93 481.52
276.13 181.04
335.09 371.29
661.06 777.95
735.04 465.41
649.74 648.24
615.19 574.57
340.56 611.65
495.93 393.57
410.08 772.21
925.41 549.36
520.07 300.45
317.39 274.45
666.13 555.47
568.74 342.11
424.73 384.32
545.95 368.33
420.85 889.83
472.03 476.24
364.06 227.06
423.78 562.85
483.93 819.88
442.09 550.1
681.54 702.6
540.45 637.68
205.91 137.58
495.74 884.49
764.43 444.5
304.64 247.6
924.41 559.13
354.63 245.86
775.81 624.44
591.97 529.01
606.52 582.23
392.1 854.3
722.4 581.62
616.6 598.22
380.66 798.36
311.99 387.95
608.72 518.23
330.76 262.37
242.41 153.66
325.85 520.31
853.27 536.39
513.05 662.5
468.61 768.09
561.63 669.82
339.88 454.42
467.36 430.28
506.55 613.94
420.85 758.93
426.56 472.15
577.41 514.08
410.72 633.53
412.15 618.85
898.46 610.89
474.35 636.25
612.11 575.67
782.68 686.36
270.85 194.46
793.79 582.2
451.19 588.24
452.89 489.76
385.66 833.86
113.96 44.31
160.99 77.55
479.72 942.5
541 662.53
441.69 579.12
364.79 464.77
137.61 163.06
567.64 572.86
415.39 267.89
225.01 233.95
411.54 354.59
509.54 378.09
563.4 588.85
486.86 665.06
369.58 372.23
125.49 117.68
342.75 702.96
404.83 831.2
868.83 608.05
927.34 579
634.85 416.64
333.41 621.97
509.9 415.02
376.23 806.82
344.98 438.49
721.64 620.53
707.14 567.49
490.98 899.29
354.38 319.65
416.55 852.38
95.43 62.41
762.96 670.95
141.54 115.09
390.42 356.94
438.64 673.27
173.74 233.71
396.71 228.22
422.8 868.37
764.34 652.3
552.32 670.4
185.16 156.8
809.11 558.49
350.96 314.28
572.65 461.35
472.03 633.87
394.27 392.32
667.99 456.83
665.7 439.41
819.42 624.29
500.11 629.63
469.37 933.41
509.72 337.93
294.6 262.28
853.11 543.29
694.02 603.14
569.69 883.6
720.05 479.35
510.54 564.04
381.3 688.83
684.96 586.69
512.04 857.6
916.5 571.92
253.4 333.41
567.31 374.46
595.54 473.19
530.26 558
247.38 190.98
615.22 827.75
378.89 430.19
927.64 570.88
828.3 492.54
209.6 120.21
366.19 598.62
448.99 754.02
416 575.21
776.94 638.6
586.17 468.61
315.59 520.31
653.89 603.84
512.83 762.5
486.37 915.92
348.67 307.93
609.88 599.6
203.1 316.51
306.8 183.17
521.53 909.67
486.59 779.29
587.91 329.97
415.88 274.18
215.34 140.66
488.88 788.2
451.03 346.17
426.98 863.7
378.83 542.65
252.88 222.08
614.7 443.77
355.72 750.54
458.72 740.13
385.24 491.35
611.47 628.68
865.69 524.67
230.29 188.12
373.61 662.37
697.93 547.5
645.04 368.21
342.11 523.58
453.75 720.66
363.63 534.04
373 205.48
641.74 600.02
634.48 562.27
835.9 488.02
474.44 435.74
122.9 119.11
487.87 407.88
347.82 484.27
537.61 494.95
401.72 332.01
488.75 591.2
427.78 310.68
917.29 606.37
687.77 471.76
513.57 424.63
521.53 474.14
483.05 826.87
798.06 484.21
204.02 234.78
99.28 58.72
491.68 283.06
463.97 601.58
827.57 582.42
472.09 482.41
487.26 644.06
979.3 560
364.54 793.27
349.89 373.82
378.89 723.72
302.87 303.99
834.93 652.46
129.58 158.3
412.52 313.79
534.1 525.99
385.3 710.26
303.57 488.48
530.66 638.36
243.26 367.05
747.61 593.89
491.32 503.28
247.38 226.23
217.44 128.82
783.84 632.16
682.27 427.84
574.54 393.44
619.16 377.94
477.16 935.94
314.4 495.44
674.21 670.92
454.15 395.15
367.44 562.27
640.25 792.81
203.65 173.92
581.87 368.3
616.08 700.16
442.43 280.4
232.34 272.62
260.93 231.82
355.82 293.25
650.69 555.1
134.56 75.35
484.66 770.26
805.48 465.38
547.56 456.92
691.24 458.02
177.59 171.54
414.23 418.26
752.1 554.16
572.28 579.33
624.5 406.84
659.08 388.44
523.48 733.27
187.08 174.6
458.3 478.07
519.15 846.13
539.26 380.11
718.25 722.25
94.36 57.44
700.58 582.69
393.41 611.04
445.72 667.96
489.15 868.13
583.79 823.21
460.49 667.1
636.74 624.99
472.18 484.3
600.09 678.18
848.96 646.47
249.55 177.62
508.99 685.26
365.95 253.06
291.06 523.09
110.97 105.62
724.81 418.23
594.62 692.56
524.74 323.65
627.34 463.24
558.37 329.05
611.65 636.01
229.38 414.35
524.09 702.44
434.34 627.92
245.22 125.77
474.04 863.86
672.48 630.91
446 692.34
642.23 442.58
468.28 318.58
370.49 556.41
666.34 776.42
298.01 163.46
824.15 596.03
692.92 604.17
485.79 406.38
452.68 629.23
471.82 492.42
868.1 506.3
210.76 387.8
502.91 717
923.31 553.18
381.94 573.35
219.86 392.53
300.18 563.37
525.83 751.09
131.5 139.41
275.67 447.77
610.03 776.79
749.05 615.41
564.68 878.02
713.77 743.61
357.71 268.17
583.18 652.76
438.95 479.78
506.21 438.76
730.12 715.29
419.57 653.55
216.28 228.13
270.97 361.89
567.13 608.72
500.35 697.65
450.67 782.98
562.94 767.72
466.05 933.26
493.09 873.47
706.69 543.32
521.01 391.64
394.3 610.43
586.02 398.21
412.18 516.16
658.74 572.86
643.97 572.8
418.71 543.5
919.37 546.43
667.68 666.13
164.59 190.95
329.36 235.79
535.66 774.65
258.28 519.21
500.41 438.28
228.43 399.64
702.14 523.58
637.59 373.85
454.39 948.88
710.96 513.75
680.29 554.4
757.71 449.57
255.99 183.51
500.84 519.06
516.28 616.53
326.52 272.62
567.52 515.27
903.07 531.11
456.68 967.28
932.04 587.33
671.07 420.24
450.12 283.73
419.32 601.61
789.15 626.94
155.06 170.29
502.43 886.72
863.67 564.38
399.24 232.52
654.68 417.98
194.62 319.1
809.81 641.22
383.98 488.3
544.54 848.63
334.82 658.8
358.38 746.73
349.65 744.19
599.02 378.25
280.25 210
394.15 437.54
390.27 831.78
463.18 636.34
609.39 628.19
488.91 470.17
320.26 370.92
491.16 717.58
721.95 715.45
136.54 105.53
734.86 649.68
762.14 558.49
116.76 87.04
632.77 507.22
729.18 458.48
791.65 609.12
530.29 547.65
475.02 635.58
478.23 510.03
637.23 382.27
243.45 128.18
481.61 931
444.59 860.38
523.06 901.7
727.2 687.58
339.18 576.4
800.96 563.49
487.38 654.77
712.91 546.53
454.66 703.85
477.65 535.72
335.09 423.84
520.8 911.92
502.76 591.45
540.45 872.68
666.1 651.42
445.48 402.48
617.08 668.08
467.64 892.54
603.6 643.6
112.86 110.35
260.66 145.3
443.25 305.73
369.06 255.56
539.81 901.85
411.73 819.76
288.46 150.94
363.81 661.64
541.55 363.93
584.43 807.28
748.44 562.82
645.59 586.47
782.13 624.5
515.67 293.13
848.32 616.23
314.86 424.3
351.82 313.55
596.64 561.24
677.11 645.62
724.14 569.32
193.33 136.88
476.09 599.05
358.71 543.26
551.62 482.65
394.82 321.39
488.78 467.39
406.26 326.46
519.3 569.6
331.8 559.86
334.57 713.4
416.79 357.62
476.55 601.73
361.92 429.46
416.43 685.11
295.14 401.87
293.16 361.71
634.11 393.05
203.65 233.74
305.25 522.48
881.95 513.75
413.16 716.39
501.48 501.97
434.61 367.41
626.03 458.72
339.4 456.92
637.71 559.34
450.91 310.1
670.16 535.29
599.81 686.57
245.89 131.29
590.69 694.94
772.24 442.88
729.88 422.83
928.77 557.08
424.39 696.77
376.51 296.67
670.64 588.21
318.92 537.77
579.18 456.43
410.87 526.6
757.29 672.93
791.41 649.13
369.34 350.93
317.91 491.62
816.43 594.81
228.49 319.74
189.49 291.85
185.89 322.21
530.78 304.06
532.91 463.36
382.55 836.12
275.43 418.32
524.43 349.25
577.68 488.08
447.46 832.91
425.61 491.01
609.76 564.01
503.56 576.19
557.3 861.87
471.51 692.89
510.76 765.01
507.46 852.53
606.74 415.63
676.84 405.07
691.98 620.29
562.18 428.45
408.46 311.75
794.15 558.98
308.91 486.01
493.76 893.92
454.85 869.56
612.9 820.64
500.23 580.4
458.39 497.54
369.67 478.93
398.97 352.55
364.02 430.77
923.12 571
369.4 550.55
611.35 482.68
539.9 402.75
610.07 653.95
431.04 792.9
199.44 182.99
474.11 264.5
456.86 416.97
838.04 664.17
436.9 308.05
797.97 504.1
900.57 539.08
209.42 322.89
150.12 77.09
333.99 244.7
592.73 641.07
397.93 238.35
539.69 711.11
273.54 291.88
458.14 410.17
328.93 451.09
696.04 782.13
524.46 518.23
408.76 351.15
296.52 613.15
294.53 588.61
495.68 493.85
578.97 871.36
528 835.81
571.52 833.92
797.75 674.18
308.24 489.15
395.31 368.02
221.35 263.99
384.11 238.26
374.55 426.16
619.65 648.7
274.7 279.03
915.34 524.64
590.23 609.06
395.37 871.15
364.73 607.99
573.87 372.02
176.95 247.72
645.59 628.47
429.06 538.87
896.82 594.47
651.23 605.09
566.61 780.72
638.78 674.15
310.01 229.01
480.61 920.38
229.56 265.05
694.45 761.1
546.37 573.84
786.71 495.22
713.58 766.32
517.38 510.18
765.53 546.74
559.28 584.67
395.89 819.03
175.66 152.71
599.66 536.21
260.9 390.82
736.26 482.31
446.91 876.06
702.96 697.1
287.09 414.72
422.71 679.46
731.62 457.14
329.51 657.37
375.84 525.99
537.28 551.32
668.45 391.61
841.82 602.37
576.43 618.98
545.27 436.48
528.92 533.16
378.8 410.2
515.82 794.55
240.42 257.21
307.57 344.07
732.29 649.22
538.47 744.13
604.45 729.73
408.37 706.78
195.87 174.35
679.68 686.48
548.57 623.8
247.14 374.8
194.37 258.43
693.2 539.63
469.77 617.3
761.13 599.38
364.45 533.8
468.37 615.65
456.53 423.05
240.94 197.61
751.79 572.13
392.62 521.5
312.51 429.61
714.32 574.45
588.12 793.12
476.58 920.9
509.14 790.73
663.08 736.29
545.03 724.51
562.91 733.21
264.5 424.54
541.4 323.4
229.68 435.44
662.25 672.08
544.82 869.93
456.1 907.62
247.41 349.83
658.22 403.24
767.51 573.17
852.5 653.61
244.06 286.48
274.48 470.87
358.32 451.09
623.92 709.83
599.05 398.21
377 481.22
730.03 573.11
277.05 458.17
558.89 473.22
299.91 607.47
330.33 328.1
562.85 631
432.84 670.19
456.4 866.6
288.4 388.99
534.87 529.37
749.84 618.03
805.08 519.67
390.85 515.03
769.25 719.93
678.76 629.96
353.31 285.68
417.65 285.62
572.62 657.52
682.73 700.46
573.29 353.25
265.39 476.94
185.83 84.75
642.6 710.56
271.55 490.04
630.79 559.86
276.71 556.08
390.76 533.86
169.93 195.07
372.2 308.18
754.48 638.87
771.17 698.54
215.4 179.42
506.85 808.01
249.95 305.22
287.76 220.62
303.57 341.41
622.76 825.53
689.57 490.43
446.76 793.33
536.03 493.61
752.8 540.33
698.51 435.35
769.62 442.7
681.66 615.28
870.78 640.8
788.29 510.39
543.05 788.81
699.58 544.33
215.83 272.77
780.69 621.6
159.83 168.77
457.5 810.24
649.74 367.32
392.47 808.04
513.53 764.7
735.71 666.4
194.56 324.47
404.86 373.85
526.47 759.48
291.18 458.45
756.16 655.57
344.98 250.16
550.74 774.04
709.13 649.13
413.1 409.74
338.85 405.53
351.94 416.36
277.23 561.08
523.73 452.53
760.03 644.25
462.48 833.83
267.89 389.02
286.14 405.68
115.21 84.29
641.32 638.48
327.68 314.07
511.64 868.04
364.02 468.67
419.93 537.61
469.04 725.15
542.99 631.79
232.7 122.2
122.68 139.68
598.32 560.29
650.41 664.51
631.64 613.51
392.99 525.22
368.79 689.11
302.56 242.38
689.9 579
270.15 499.1
363.51 758.66
624.07 659.66
361.98 286.39
756.86 482.96
511.19 484.39
315.01 269.23
828.03 662.98
480.45 560.38
597.74 405.26
825.4 547.81
575.18 547.44
281.81 204.41
455.55 572.41
602.56 719.17
334.12 516.83
796.69 654.29
479.81 342.08
567.95 496.81
227.76 327.07
809.53 534.07
651.36 726.16
291.09 563.65
317.7 383.43
580.83 642.38
484.36 415.05
177.28 183.87
701.93 731.38
449.05 297.31
271.68 188.39
630.18 672.29
408.58 329.84
90.3 49.99
505.78 459.4
571.49 346.75
273.57 545.27
470.53 766.17
292.03 569.32
771.32 598.83
349.53 660.73
629.51 423.47
854.73 538.53
379.53 766.81
611.87 342.63
296 597.03
781.61 653.86
192.21 312.51
643.51 380.96
680.68 725.61
678.85 720.69
779.2 698.9
378.83 312.3
409.07 539.02
723.41 691.4
403.97 771.2
233.77 399.64
626.09 540.48
831.54 541.46
916.75 560.93
406.23 279.03
445.02 289.25
708.79 594.99
725.42 611.62
484.6 338.79
653.1 690.42
418.32 802.3
795.71 681.81
505.6 631
296.09 447.92
183.2 114.47
837.58 552.17
412.88 874.78
196.81 107.52
523.82 611.53
350.14 207.43
475.75 464.09
688.86 615.86
815.91 659.96
389.08 450.39
292.67 541.73
260.08 246.65
836.97 592.91
157.9 180.43
650.04 814.75
544.82 347.45
464.4 528.64
621.6 393.57
301.95 352.73
706.5 765.07
690.73 685.2
827.48 655.69
924.89 587.18
443.04 571.03
502.46 539.2
439.31 528.4
348.52 463.09
468.52 519.39
622.55 523.76
313.39 398.48
779.05 567.52
399.61 847.29
591.27 358.23
563.13 883.72
241.62 272.96
592.7 562.3
835.66 546.62
602.92 636.22
742.3 662.86
529.98 487.14
401.56 723.96
273.48 528.52
673.24 628.99
329.51 674.64
349.35 544.11
457.32 700.06
476.36 454.05
317.42 486.43
757.74 533.43
414.35 588.64
547.44 741.02
570.7 875.42
150.3 188.73
426.5 807.82
418.56 706.5
592.39 850.64
453.81 754.3
291.82 555.35
477.74 400.16
825.07 563.62
241.19 135.47
350.78 472.95
356.67 602.31
837.86 626.7
235.79 227.79
210.79 386.09
799.43 456.28
291.12 334.45
315.1 331.98
200.42 146.34
526.69 697.56
856.75 566.85
337.11 329.75
216.77 282.2
326.98 384.93
895.9 609.52
454.54 331.22
885.98 610.34
802.21 500.66
770.01 693.47
751.37 524.09
433.06 861.2
606.68 395.25
634.78 698.69
384.41 337.02
477.43 926.11
405.71 253.24
476.39 514.97
440.75 310.92
250.19 253.12
636.68 649.98
373.3 700.31
368.57 495.41
683.52 384.99
631.58 739.52
575.82 614.55
353.31 479.84
592.61 613.12
702.9 514.91
813.56 597.77
761.74 659.96
358.1 192.08
140.57 143.38
805.35 581.84
565.94 667.32
445.11 496.29
640.71 710.72
457.47 860.29
425.03 252.91
203.04 216.22
543.2 555.56
478.35 828.03
645.44 787.8
781.12 704.98
800.16 626.03
629.96 624.23
459.12 484.18
329.36 220.74
419.69 867.03
522.17 505.51
444.69 451.74
519.24 923.43
482.38 554.58
257.52 485.12
284.19 236.03
303.78 551.74
585.83 428.48
397.84 615.38
363.69 329.02
694.91 528.28
339.34 720.21
392.71 657.86
330.3 461.75
441.97 342.02
433.27 732.14
663.99 414.14
366.83 389.14
730.46 475.48
715.72 535.91
438.73 629.2
625.78 599.17
433.7 681.48
167.55 182.65
732.38 752.83
706.08 769.43
585.83 552.42
454.63 590.17
474.01 386.82
550.83 641.5
575 644.64
287.7 280.62
749.38 623.62
677.6 607.62
388.13 605.82
173.1 77.88
678.18 593.74
588.61 834.07
483.05 761.47
314.77 365.46
309 253.52
526.23 875.24
369.46 635.55
716.12 641.5
565.63 352.49
941.53 538.01
205.63 358.47
544.36 683.83
369.37 315.01
649.71 543.35
361.71 332.13
399.91 623.19
853.42 495.44
344.19 467.15
927.85 555.71
395.46 341.29
396.65 650.01
403.58 908.05
294.14 248.45
704.43 488.27
596.18 453.44
882.08 522.17
505.84 438.55
525.38 572.53
120.94 67.72
662.1 416.12
478.44 382.34
799.62 626.48
102.05 40.01
201.45 260.93
688.62 585.83
368.57 536.24
232.8 402.78
624.74 729.42
221.81 236.58
326.67 482.74
379.86 394.27
602.92 677.88
852.72 544.45
904.39 569.26
750.18 441.94
428.36 757.99
428.88 551.96
434.86 898.5
325.97 363.2
405.32 529.13
657.77 590.62
824.92 669.42
158.85 178.62
666.31 641.32
514.42 740.35
808.34 645.89
672.23 485.46
341.29 470.78
727.2 675.01
319.16 375.32
110.32 55.64
974.09 562.12
566 389.17
529.16 315.81
556.17 836.63
422.9 397.78
586.02 367.78
414.62 738.43
441.69 692.25
206.7 323.53
521.04 287.82
412.58 267.74
635.98 506.3
483.9 488.14
458.42 764.95
545.3 782.37
640.13 475.63
695.12 418.68
223 250.28
370.49 686.54
380.5 346.32
619.5 487.23
576.77 727.44
647.11 609.7
597.55 489.06
453.44 376.9
577.32 840.14
324.35 609.79
370.89 240.61
656.27 383.28
491.53 868.4
526.57 343.36
545.88 399.09
305.19 506.73
379.22 464.64
196.94 243.05
379.01 816.13
156.38 123.78
243.51 200.08
158.54 138.34
321.54 654.62
235.51 324.26
348.28 551.65
455.06 423.93
702.99 740.01
595.69 590.59
347.76 640.98
195.59 343.82
618.55 669.09
295.21 377.97
707.48 549.79
365.49 472.06
610.92 687.34
420.12 610.03
701.62 671.01
363.08 578.08
516.83 909.97
573.78 495.28
780.66 601.98
180.97 139.41
549.64 660.48
364.21 244
697.07 605.24
329.72 601.34
329.33 697.93
555.44 491.26
776.45 630.42
279.79 296.85
167.06 157.75
412.64 841.67
656.58 551.29
482.13 417.22
362.07 259.1
488.42 915.56
511.76 287.18
121.37 69.06
580.52 433.21
444.5 344.95
653.43 435.9
320.29 426.89
499.1 710.93
563.62 730.19
443.25 504.14
507.89 649.74
614.8 688.56
194.68 293.71
781.88 576.37
467.91 657.86
754.39 615.62
387.68 441.18
670.46 589.86
223.85 131.9
282.57 531.6
599.75 451.28
330.21 712.45
335.37 239.08
349.41 281.69
717.15 615.77
266.37 413.4
761.31 594.29
830.77 593.4
387.34 516.19
501.39 892.97
248.79 247.6
610.25 831.2
396.92 745.14
736.87 484.33
386.94 423.78
451.7 844.84
504.26 461.35
823.21 576.37
667.01 623.52
254.13 271.46
768.73 550.4
864.99 609.42
359.63 559.19
818.75 623.4
486.31 486.22
360.18 664.3
555.35 361.06
221.99 173.71
623.37 505.91
225.87 277.26
426.59 354.56
263.22 340.04
559.98 472.24
638.87 779.63
405.62 276.8
465.83 538.01
635.27 796.17
530.75 295.02
597.13 402.72
607.87 388.1
353.34 728.78
367.53 711.97
681.66 519.12
674.73 578.39
359.51 542.68
490.4 725.85
831.2 667.44
449.45 472.88
810.36 632.16
698.42 566.33
277.78 152.32
369.88 248.66
719.02 755.46
503.65 578.45
748.34 585.86
480.61 631.46
186.1 99.64
549.97 560.47
261.97 460.01
256.94 360.42
755.24 615.8
494.74 499.53
366.28 659.14
526.78 464.16
487.5 808.86
362.38 537.22
407.09 284.4
476.85 838.01
880.7 539.54
625.11 827.94
412.85 725.97
283.33 501.45
535.39 792.26
744.93 680.96
329.29 378.37
903.32 563.43
623.98 582.78
359.23 704.83
363.84 536.12
438.25 878.35
419.69 886.93
376.72 311.9
497.94 635.73
705.47 444.35
430.65 879.91
756.31 608.48
235.85 424.76
486.16 895.93
646.72 411.11
733.67 478.77
382.98 235.72
518.17 431.53
314.22 191.38
422.19 496.87
688.01 617.05
402.39 525.59
286.11 170.29
412.49 224.43
499.53 855.1
708.03 442.03
286.36 586.81
678.4 608.97
369.64 546.59
515.18 425.12
214.67 318.61
532.64 607.53
580.83 447.43
377.42 640.28
555.41 838.44
612.75 651.54
254.22 376.42
456.68 662.1
784.81 558
673.12 423.02
417.89 443.19
421.77 921.32
260.63 243.32
708.64 649.16
529.74 372.91
700.67 462.54
370.31 240.85
725.09 670.31
360.52 598.25
492.36 294.17
219.86 347.51
697.1 744.13
447.49 860.07
449.26 704.09
619.56 409.74
207.22 207.89
660.63 650.5
420.15 702.84
281.56 414.32
772.21 449.23
352.43 650.07
805.2 486.1
769.89 546.16
406.93 605.06
522.69 329.36
373.82 430.56
665.88 506.15
328.14 202.37
694.6 507
438.58 814.02
935.7 558.85
785.67 577.35
414.78 654.56
841.79 644.95
902.43 536.85
689.99 730.67
469.74 895.72
462.81 550.1
319.04 478.56
396.47 697.1
401.07 664.27
261.91 351.18
244.36 324.5
438.22 497.02
233.62 446.42
555.35 441.18
282.14 355.02
575.15 420.36
402.66 297.86
397.99 304.27
306.59 479.66
346.93 258.83
764.43 564.59
591.63 592.46
333.45 386.49
655.2 465.47
444.9 654.38
594.93 371.84
334.88 683.13
446.36 977.51
518.78 394.48
726.55 458.72
798.85 607.62
827.3 519.64
728.23 543.78
585.47 505.66
453.05 261.88
485.27 434
620.5 805.2
389.26 684.77
417.25 439.99
587.15 673.7
731.44 523.33
369.43 596.82
888.58 554.52
597.31 461.75
282.17 496.6
688.56 751.85
471.24 668.75
706.26 563.55
545.46 373.49
441.88 627.12
592.91 601.21
264.32 240.88
428.94 298.26
530.01 395.12
380.02 401.14
205.05 280.62
423.02 610.8
558.18 762.5
222.11 142.55
351.66 437.09
631.98 816.31
572.28 348.98
520.07 820.98
588.46 651.78
504.75 292.73
818.29 533.95
415.6 549.33
218.39 176.79
406.29 304.39
221.11 129.92
550.46 774.1
349.68 399.85
677.69 457.56
568.68 511.67
357.34 598.19
310.07 332.13
580.92 745.93
461.35 630.18
812.22 558.34
542.34 347.36
697.32 502.4
332.22 614.28
452.04 881.68
278.66 281.59
436.78 742.52
596.58 442.49
874.39 553.97
776.73 662.89
632.8 400.74
455.82 958.98
451.46 417.98
626.39 418.1
243.08 411.36
500.75 495.04
357.55 696.28
514.82 344.62
595.17 446.09
656.94 773.95
553.36 822.66
937.22 588.24
262.73 248.39
337.5 731.86
454.33 967.71
382.31 844.66
377.39 409.13
285.47 434.1
441.85 395.06
381.57 630.54
297.34 315.47
393.48 712.97
496.08 574.48
744.19 438
680.72 754.94
300.55 332.9
890.87 540.12
774.13 535.57
590.9 580.8
664.17 541.8
561.11 464
349.5 365.12
669.03 483.93
441.3 694.33
624.53 517.59
441.54 962.07
436.93 405.9
214.85 110.57
616.72 578.51
437.39 520.22
699.88 564.07
920.59 601.31
506.15 394.79
644.64 672.81
743 579.64
313.94 431.62
537.8 552.11
546.16 847.56
640.22 407.61
461.84 352.43
763.79 633.81
507.28 500.2
624.26 620.56
600.05 334.82
405.41 909.57
127.9 145.08
513.47 682.82
633.93 795.1
521.2 823.76
861.84 639.76
715.29 431.41
174.54 268.23
570.51 642.63
526.93 567.55
737.27 450.03
288.31 447.31
529.86 471.57
693.41 521.29
282.94 537.16
434.03 750.82
334.12 631.76
408.4 277.29
244.06 387.16
209.94 177.47
502.4 313.91
493.88 871.03
506.67 366.47
563.98 731.71
676.56 540.42
289.22 339.43
271.31 222.21
530.47 629.99
659.51 553.27
509.32 307.44
696.92 475.42
843.93 478.9
379.53 668.45
482.8 489.97
400.74 503.52
775.78 567.49
265.02 147.19
464.46 805.05
333.02 527.09
642.38 509.78
500.05 378.12
561.97 327.52
578.08 580.65
357.31 705.62
656.76 701.35
524.22 910.21
456.07 966.28
440.47 517.72
577.38 448.04
385.2 646.63
457.2 618.79
476.94 779.38
563.16 783.62
436.45 509.51
578.69 403.76
494.37 476.03
246.93 334.27
827.54 535.72
332.01 408.06
684.99 607.14
694.88 659.47
210.61 337.08
565.14 430.59
272.5 246.41
341.53 607.41
435.47 629.66
695.73 779.78
496.9 489.82
421.28 366.53
311.38 389.26
615.16 345.56
590.69 738.24
530.44 544.24
501.14 273.63
611.87 373.76
911.31 529.65
863.49 536.42
399.61 488.02
595.11 742.06
492.05 268.81
891.6 604.6
598.9 532.21
396.77 439.65
746.51 497.57
931.42 570.6
648.24 411.6
622.06 603.81
433.21 276.65
376.96 240.36
488.78 733.05
562.06 717.67
582.54 506.45
570.76 858.42
339.06 531.17
214.88 369.4
388.68 745.51
649.89 457.69
429.12 943.11
621.45 552.63
770.75 555.86
475.57 701.25
391.52 396.8
458.27 391.22
692.89 628.32
374.43 757.65
406.84 572.16
165.59 154.21
654.62 516.28
528.67 427.53
806.18 586.96
739.59 528.73
721.03 451.61
443.83 635.06
570.76 533.8
286.11 322.4
475.02 570.7
601 379.89
264.6 476.15
805.9 546.19
463.79 371.38
392.32 574.02
876.13 592.85
214.61 206.76
637.96 681.48
836.48 665.24
366.41 328.5
495.07 939.42
