450.79 352.12
280.86 25.15
664.94 97.6
585.01 479.87
822.84 746.6
710.5 513.53
601.76 607.17
1.91 22.52
783.32 802.61
519.88 301.95
875.97 726.68
539.35 142.34
462.08 235.33
862.24 209.6
611.5 392.44
840.14 23.74
375.87 92.62
677.21 56.22
275.89 272.9
837.61 726.49
484.94 205.36
743.74 468.46
744.44 108.28
599.05 385.24
735.01 608.97
572.41 361.34
751.55 345.56
491.9 63.54
699.76 504.81
692.89 303.05
426.56 70.38
821.68 582.05
191.35 177.89
817.19 475.26
732.02 405.59
721.92 475.3
834.68 35.1
426.22 104.68
549.55 345.99
471.72 374.98
846.98 316.87
456.1 271.89
739.19 567.28
839.44 397.66
572.59 50.51
531.33 194.07
843.04 626.76
657.61 197.85
842.16 123.33
834.62 708
252.72 144.47
210.58 115.6
752.22 686.15
543.44 73.89
436.72 201.94
696.22 290.35
436.69 232.43
577.87 532.58
628.68 160.19
931.52 48.43
894.62 290.02
410.72 201.97
628.07 604.14
451.61 466.35
854.79 828.79
565.75 375.13
242.87 188.94
584.61 351.3
494.46 80.39
740.75 612.05
804.53 149.11
911.56 614.7
727.68 43.21
305.83 173.92
851.22 744.32
79.35 76.6
545.09 448.26
408.98 298.75
738 313.88
873.35 725.03
127.23 65.74
784.97 524.58
653.86 322.12
919.98 551.16
662.8 114.54
492.54 379.13
509.26 382.37
688.16 532.15
606.28 395.18
863.25 491.5
747.34 496.9
552.81 357.1
864.31 596.88
707.91 617.15
217.57 65.95
340.98 319.41
802.39 806.88
402.42 253.7
573.35 302.29
548.05 225.56
311.35 110.63
808.04 134.71
895.23 789.64
743.8 615.22
524.67 426.8
891.54 232.76
146.55 125.1
931.64 80.11
693.53 397.69
398.69 241.1
585.56 255.13
576.68 142.43
855.1 64.85
811.06 662.07
274.97 145.18
218.63 155.92
902.28 106.42
902.65 441.72
645.56 656.76
909.15 455.46
921.29 664.17
569.54 422.04
578.57 536.45
350.26 36.62
795.25 196.51
590.75 70.93
197.67 155.89
644.34 454.33
592.21 199.59
574.45 442.06
895.32 710.2
393.57 397.41
903.87 308.6
745.35 736.38
739.43 139.32
654.84 438.52
687.64 90.43
79.56 75.78
724.94 198.71
694.02 615.71
654.9 543.99
727.87 530.96
679.92 692.8
169.56 60.82
401.07 349.8
863.55 386.76
306.41 284.22
875.42 582.6
595.02 79.01
793.18 462.2
590.62 589.43
672.75 343.58
341.56 232.09
771.02 371.75
869.87 116.86
725.58 628.93
893.95 183.02
628.71 185.46
616.93 264.99
788.11 170.93
713.89 480.94
855.34 124.64
174.14 72.12
838.92 556.66
231.67 204.6
151.83 46.97
643.88 343.24
414.56 416.52
699.27 337.99
863.34 486.59
864.22 850.55
828.64 765.62
871.91 908.32
912.53 521.96
440.17 107.64
427.72 169.84
773.55 63.72
154.09 142.86
647.63 53.65
914.15 637.47
463.42 214.79
608.02 102.51
775.51 641.65
688.16 289.8
567.16 290.38
623.37 445.75
798.76 745.54
505.54 489.39
251.96 203.01
625.08 41.35
641.35 34.52
556.35 544.48
446.33 61.37
600.91 50.36
332.44 315.96
653.58 410.53
427.5 221.63
678.52 166.45
497.54 507.64
802.73 435.07
375.9 128.57
827.33 733.3
891.14 643.33
650.59 514.48
733.97 737.17
363.26 112.19
904.66 821.22
454.79 108.68
869.44 761.38
669.73 298.5
808.86 378.19
204.41 170.57
388.26 181.22
580.98 195.62
381.73 303.99
749.38 238.5
559.4 92.75
922.03 893.83
857.02 59.63
747.22 756.07
791.99 199.62
552.84 51.24
704.15 24.05
731.74 553.36
914.21 875.55
796.93 305.43
756.19 219.73
154.76 57.53
670.61 32.69
798.15 436.26
874.36 79.29
813.84 46.63
814.2 240
897.89 256.51
269.36 208.01
874.84 887.69
844.78 609.27
449.26 185.06
894.47 623.04
867.43 840.21
284.37 170.96
716.61 30.88
915.43 889.68
501.69 242.87
213.48 32.11
771.17 228.25
852.02 331.61
869.35 646.87
371.04 366.89
397.87 119.79
893.95 445.57
864.13 139.62
681.66 561.45
788.23 422.71
818.38 739.46
748.31 333.87
902.13 462.26
767.91 50.51
630.97 24.17
646.63 597.22
403.88 383.62
865.2 437.42
699.64 332.96
602.34 498.55
559.62 39
378.22 233.04
937.35 859.52
583.97 76.45
407.03 305.31
498.58 80.05
874.78 304.27
588.43 216.22
874.42 250.07
866.6 231.09
890.35 574.33
256.94 169.84
337.66 279.73
515.55 490.55
601.06 292.15
475.75 401.65
834.93 794.43
801.66 592.85
870.08 318.06
472.88 175.91
797.2 779.66
658.5 298.75
842.13 242.62
75.72 30.88
409.8 180.43
297.92 182.1
744.9 134.74
131.81 29.24
932.52 945.28
895.14 72.51
872.31 822.41
671.96 450.94
594.81 272.38
600.51 487.35
355.33 229.93
513.57 235.82
898.04 484.36
570.79 336.53
348.16 169.23
290.17 219.28
922.82 739.68
807 650.44
686.7 270.09
766.87 64.42
341.56 44.37
838.19 618.52
438.37 42.15
506.3 269.26
615.53 71.02
860.07 337.47
172.46 68.91
786.86 649.62
562.58 178.26
632.28 106.91
333.81 57.41
873.26 567.58
868.5 81.21
635 618.85
594.78 593.13
231.51 42.3
206.49 52.95
604.57 353.98
895.78 346.96
290.99 219.98
912.23 830.1
605.91 304.88
784.23 150.12
258.89 169.01
228.64 189
862.21 763.3
878.66 408.7
403.15 413.5
603.96 200.87
414.38 340.56
394.42 276.86
853.51 311.53
433.24 368.48
418.78 384.87
776.76 83.65
332.77 79.32
614.52 142.83
220.95 107.33
519 264.6
770.56 107.52
903.99 521.71
478.47 310.62
841.61 389.11
734.92 91.4
846.98 637.81
913.39 229.32
310.31 154.27
341.53 182.29
272.29 205.94
822.44 819.64
859.46 517.44
707.51 256.17
921.05 491.26
515.09 431.53
914.79 411.66
755.33 187.66
677.94 527.42
824.21 837.18
870.45 148.99
220.68 66.74
204.63 197.73
192.91 199.53
738.79 294.38
921.32 928.43
844.33 258.98
105.44 61.89
903.78 148.32
892.76 359.42
887.54 380.11
794.12 746.33
559.04 278.79
347.18 54.14
911.25 762.9
368.48 282.39
761.77 433.33
568.96 533.01
218.88 77.18
304.61 64.46
411.27 133.7
508.77 268.72
706.96 470.93
517.23 67.32
829.22 554.4
473.92 451.31
918.88 548.84
659.72 122.53
507.4 112.43
791.28 369.18
858.12 744.35
463.85 359.66
557.6 482.59
836.66 185.71
707.6 442.73
856.78 806.63
313.36 143.22
592.46 152.59
916.72 652.73
335.31 328.41
625.42 250.77
898.68 478.07
111.58 102.02
490.74 453.75
653.43 418.5
639.91 99.22
830.59 368.63
877.96 520.04
725.7 630.6
852.57 63.94
743.58 362.38
783.72 273.93
563.22 174.72
413.8 279.43
698.42 670.25
643.33 56.03
320.69 307.63
582.81 271
712.15 337.9
700.55 630.7
864.13 591.94
495.16 30.79
671.77 553.48
748.07 282.24
723.81 296.46
538.65 405.59
888.24 756.58
569.51 264.93
487.9 214.91
801.2 612.9
630.27 575.7
742.39 99.98
650.75 199.59
893.31 547.65
891.78 868.86
731.07 151.92
756.22 152.78
886.04 63.72
488.08 451.37
761.8 578.78
396.68 108.19
878.96 449.32
411.69 232.06
603.38 621.45
894.22 682.49
235.63 108.8
510.91 458.45
702.38 245.83
739.92 40.83
750.88 141.09
678.27 612.75
861.32 628.5
889 575.15
573.9 262.95
834.32 670.28
858.64 448.53
708.76 58.23
815.97 746.91
314.13 117.65
249.76 215.92
866.18 430.89
753.32 390
736.26 736.05
268.35 104.74
453.96 180.27
704.12 109.59
454.51 93.17
520.74 325.97
790.52 824.15
737.82 563.95
900.75 842.95
915.34 482.99
757.71 383.95
744.62 274
362.9 31.22
822.26 757.9
434.68 224.28
326.15 254.71
561.94 347.91
401.68 272.68
888.88 592.36
606.62 347.36
801.42 829.77
815 423.41
499.28 184.27
567.28 238.38
862 288.92
402.51 321.73
930.88 903.87
917.02 642.45
818.48 243.39
322.15 229.83
933.59 817.99
896.73 309.24
719.29 558.49
547.93 368.6
109.41 68.88
773.13 27.25
320.14 308.33
598.5 579.55
925.87 660.45
709.8 581.29
707.66 615.8
730.64 56.37
857.63 337.81
157.29 107.7
584.4 113.83
320.38 216.77
834.74 783.68
856.14 398.05
289.68 172.46
872.22 472.34
585.28 159.31
87.98 50.72
592.67 603.35
580.52 283
788.63 387.16
881.62 119.54
418.04 343.85
317.06 211.55
781.85 490.77
568.56 585.1
606.22 195.53
905.82 564.29
812.1 798.88
825.13 729.18
690.63 618.73
680.78 640.8
169.87 149.02
722.1 691.52
598.19 513.93
525.19 45.69
551.1 257
817.5 99.83
746.45 354.69
439.41 114.75
826.99 394.76
597.16 564.38
872.71 584.77
655.42 657.83
760.43 499.62
511.49 175.54
832.33 573.5
494.19 394.7
919.74 521.96
781.21 776.67
776.27 750.72
614.12 44.04
697.68 135.32
861.32 570.21
939.73 691.76
604.69 491.04
502.76 219.58
536.79 300.85
848.69 545.95
765.68 76.39
917.57 806.05
858.42 778.28
806.42 108.8
118.17 25.39
760.67 648.98
634.11 177.65
422.83 76.91
692.01 406.99
621.23 32.69
414.23 143.8
397.87 152.53
302.29 218.57
922.61 735.95
635.67 80.72
599.54 435.56
820.86 108.1
903.59 586.05
710.38 186.93
614.46 42.76
615.53 632.83
838.59 547.47
645.1 571.34
845.36 242.96
880.83 488.36
461.96 290.14
752.07 539.2
911.19 703.18
537.58 382.58
495.13 315.07
698.42 458.94
371.41 209.42
897.24 702.66
846.4 768.76
626.91 549.27
689.63 652.36
552.63 394.51
498.64 78.01
787.62 141.36
420.76 220.92
856.78 763.57
330.42 77.94
512.65 416.33
579.91 498.09
918.73 425.61
910.46 540.42
603.08 199.38
631.31 451.8
805.23 309.52
575.03 526.75
398.66 140.11
571.86 408.03
797.27 168.07
471.24 54.63
413.31 225.01
851.22 74.8
688.8 412.58
686.48 290.08
867.95 622.06
873.04 550.49
913.94 351.39
812.77 227.97
785.52 630.7
260.08 222.27
672.78 377.09
821.53 782.22
786.65 643.88
742.03 498.06
885.25 471.91
507.4 522.39
575.76 448.41
935.82 725.58
396.74 372.69
643.94 230.45
777.49 194.68
347.45 252.45
902.16 780.14
442.64 395.09
729.03 619.77
371.01 43.64
422.28 60.46
869.72 530.08
527.7 256.36
48.68 43.98
851.74 426.44
548.75 351.05
810.85 208.01
875.3 475.08
253.61 56.95
844.48 62.47
796.99 140.14
693.99 687.58
787.07 408.25
659.32 137
557.24 180.88
514.33 349.68
940.15 910.95
798.36 375.19
319.56 318.25
897.89 692.4
499.47 367.23
814.39 69.28
697.65 67.38
365.58 57.89
240.7 199.53
374.1 79.13
553.61 338.57
394.82 157.9
291.48 82.25
649.8 617.6
772 662.56
433.79 382.31
818.11 402.66
542.07 438.89
812.52 687
242.74 129.25
861.84 56.83
726.86 71.41
866.73 200.14
655.42 96.26
546.95 89.33
494.74 358.71
820.34 373.94
282.91 227.42
416.27 272.65
550.55 243.72
879.97 434.83
390.51 314.71
937.86 732.05
615.56 166.33
829.55 222.82
712.06 581.19
458.57 429.27
598.86 422.47
601.06 241.65
111.67 41.6
385.39 193.15
849.54 103.82
705.44 710.84
898.71 925.41
744.5 768.97
531.36 427.05
845.52 273.6
666.52 25.42
507.61 423.75
550.31 496.11
912.81 331.8
375.56 324.56
901.12 217.81
861.63 121.92
890.26 232.03
883.27 549.67
709.07 313.06
669.15 180.24
928.83 403.58
857.39 109.32
270.61 263.28
671.56 340.16
626.85 556.57
697.35 572.5
855.8 192.27
482.53 159.46
645.25 659.05
879.06 641.07
855.22 680.93
751.3 563.28
561.42 254.49
804.41 819.33
881.07 30.21
104.16 105.41
746.18 526.17
384.35 243.93
795.53 677.11
382.52 148.32
701.93 149.75
771.9 156.16
821.71 733.3
609.7 328.01
807.03 325.14
720.94 743.22
651.45 25.21
490.16 119.14
820.52 500.66
357.92 38.67
114.47 61.62
610.1 554.4
521.65 97.26
761.19 216.8
813.04 497.33
343.7 327.16
536.64 554.64
335.22 319.19
255.23 141.94
790.95 661.73
831.69 109.44
370.4 73.15
893.31 844.42
207.46 60.73
819.88 513.72
404.43 197.24
704.61 373.7
377.45 195.96
465.65 126.87
294.41 152.04
540.88 27.65
570.88 310.95
376.93 211.28
849.76 755.12
444.9 151.04
603.81 281.59
865.38 729.91
594.13 357.01
381.15 328.32
867.03 522.84
826.72 833.03
614.09 382.37
557.79 169.47
426.53 325.63
577.99 352.31
750.39 366.86
689.29 430.56
908.75 385.39
382.98 39.06
429.15 318.19
887.81 123.51
670 511.76
684.26 486.62
667.13 503.46
559.56 158.39
641.04 240.67
713.77 569.93
810.42 686.12
770.68 457.78
570.15 396.22
523 153.6
722.77 361.86
273.69 52.19
379.56 356.58
911.56 872.31
892.85 600.97
458.14 421.46
790.34 569.99
840.88 596.12
881.31 69.77
782.01 83.44
551.62 468.43
937.28 823.51
934.6 848.17
591.97 360.79
424.73 122.26
316.08 201.39
863.37 57.92
571.46 274.54
911.13 757.71
938.2 916.68
869.93 736.9
738.82 472.79
614.34 277.41
275.7 241.55
191.84 107.52
630.7 41.02
445.27 313.88
864.44 522.42
783.35 305.37
474.14 365.61
716.67 664.27
492.6 81.48
330.97 320.63
766.23 252.27
433.33 386.79
121.07 52.1
251.44 104.56
482.56 173.22
741.97 309.58
667.01 551.19
604.51 283.52
532.61 29.88
732.66 680.07
570.97 408.06
874.11 498.64
146.43 128.24
705.13 37.78
475.45 275.37
869.41 467.51
170.57 168.25
843.81 201.27
870.45 748.95
623.07 469.28
459.46 420.76
830.84 556.11
849.45 591.08
585.22 156.77
629.69 98.91
587.54 25.82
895.23 466.81
685.78 191.02
723.29 616.99
61.53 59.3
184.51 65.46
889.71 646.5
437.51 146.34
485.12 97.96
542.5 173.71
421 422.74
529.5 253.76
266.4 77.33
512.89 59.08
780.79 329.29
399.82 171.21
873.47 158.48
825.16 511.31
618.92 172.06
768.06 531.63
728.32 753.69
690.69 616.14
568.04 323.5
606.13 65.65
864.22 883.91
776.06 69.09
913.79 326.49
841.91 465.62
706.75 136.23
420 259.71
833.06 245.43
384.04 313.43
269.57 232.28
760.49 399.15
854.15 803.28
677.42 412.27
819.7 244.06
335.67 57.95
125.74 40.28
149.91 58.44
731.01 594.65
632.98 311.26
353.01 128.42
905.82 148.9
644.18 525.13
727.84 734.73
855.31 614.15
842.52 542.44
749.11 95.98
625.05 357.49
817.68 717.31
555.96 486.92
507.86 71.5
59.63 28.38
618.88 381.12
814.87 470.44
551.96 129.12
923.49 626.06
884.46 471.42
878.35 640.58
391.64 264.66
937.56 759.85
866.91 67.81
265.08 176.82
719.53 391.98
620.65 508.22
829.13 858.49
465.56 44.74
905.06 101.26
803 251.78
819.42 585.8
796.56 615.96
575.21 207.04
923.03 371.93
557.21 514.51
745.9 539.66
458.39 184.03
328.9 23.99
640.25 490.89
630.15 63.63
607.9 526.02
817.65 825.98
588.34 128.12
641.22 334.97
708.09 221.11
590.81 338.15
903.07 789.42
672.41 51.12
618.67 631.82
717.03 108.83
563.25 432.94
645.59 549.7
602.8 101.87
934.78 892.64
707.39 93.97
431.68 182.84
741.84 505.54
725.18 594.29
722.71 670.49
693.01 198.61
510.12 135.17
447.49 359.23
793.12 554.52
859.65 677.48
410.29 394.79
898.07 314.74
711.91 521.04
715.99 66.32
797.33 628.53
728.14 711.23
739.25 148.08
522.08 527.09
504.14 262.34
686.42 450.24
761.71 407.64
332.22 238.32
680.96 74.31
567.19 174.63
430.16 249.46
153.75 66.62
813.56 527.82
785 518.3
531.27 473.19
784.72 101.69
704.73 524.37
807.73 345.47
832.06 601.64
816.25 744.35
690.3 87.89
608.78 144.05
534.62 98.27
776.88 736.93
889.8 919.64
680.38 384.2
534.81 243.42
295.85 124.82
628.96 360.94
836.7 55.76
317.85 111.21
545 242.68
751.24 222.42
620.53 119.48
917.45 293.47
748.44 370.16
837.49 60.55
714.01 550.13
572.99 165.29
935.85 444.11
572.5 389.26
607.84 481.98
667.53 368.05
836.05 336.5
815.45 802.36
373.97 28.14
643.64 241.46
914.91 222.75
842.37 194.37
935.51 388.47
374.58 159.49
502.12 290.02
631.58 402.2
538.93 334.51
668.57 200.69
483.26 37.51
761.62 493.12
907.9 751.37
710.96 601.95
500.69 274.15
931.97 630.63
621.14 89.79
614.49 414.75
309.64 223.64
591.48 390
888.15 307.72
683.77 466.63
837.43 563.25
755.18 492.11
220.04 143.38
757.32 185.06
838.62 597.95
565.69 467.94
443.07 256.32
424.09 410.11
731.77 690.88
251.63 123.87
835.05 755.91
502.55 322.21
781.37 280.47
677.08 37.42
164.68 139.35
769.98 661.18
800.32 541.03
801.42 371.04
714.9 710.07
902.19 47.91
210.27 52.22
883.82 230.26
588.06 362.74
422.07 329.87
790.22 670.92
925.81 574.63
750.48 200.26
612.57 339.79
865.69 88.05
440.66 82.95
277.93 160.77
612.51 466.05
681.84 542.62
863.52 539.75
843.1 523.61
577.96 353.8
785.52 170.42
510.61 361.61
776.45 262.64
794.7 694.88
281.47 48.46
502.55 368.76
560.5 480.91
600.76 275.37
617.36 588.95
895.9 166.94
707.27 738.43
232.52 89.91
260.78 50.48
881.98 403.82
532.18 303.9
933.26 826.59
458.17 161.26
924.25 74.04
600.3 443.62
199.87 41.14
513.78 109.04
858.7 254.86
876.83 842.83
835.47 779.11
541.12 337.05
620.81 502.55
915.56 229.74
780.51 125.1
438.34 404.22
672.14 576.65
877.25 188.3
866.48 877.47
846.58 557.12
514.02 306.1
480.85 328.53
95.03 90.95
247.93 183.36
772.45 203.47
662.77 486.1
862.91 612.93
600.67 546.62
613.61 301.16
574.91 484.18
830.47 730.83
648.7 339.06
801.11 386.67
401.17 119.79
786.58 214.94
287.76 168.95
222.82 62.9
469.25 344.86
592.79 484.15
626.76 82.25
565.36 568.53
939.79 968.78
662.43 307.47
490.46 198.07
801.75 212.26
245.03 95.46
62.23 46.6
622.39 259.1
904.81 856.17
701.62 69.64
907.71 806.88
650.07 655.93
927.55 641.9
257.3 109.62
568.13 151.4
876.4 485.46
847.87 84.9
824.18 198.1
677.36 401.1
719.99 455.79
815.49 517.35
528.64 55.79
653.83 540.15
465.83 255.84
927.4 429.61
555.83 158.76
264.23 128.24
724.91 679.01
753.84 525.07
352.73 95.31
741.2 31.77
428.05 77.21
704.09 572.99
458.05 196.23
358.17 210.27
153.05 74.83
816.49 298.53
544.91 365
547.65 302.84
932.1 447.37
930.42 181.37
944 996
910.86 221.9
782.37 377
282.33 188.91
537.86 429.64
804.16 184.58
615.56 564.41
616.96 388.47
907.19 489.46
912.96 875.03
560.08 484.08
734.95 164.46
762.54 653.68
388.65 65.31
569.66 416.03
610.46 157.51
829.04 782.65
247.81 55.24
202.06 109.74
457.9 259.83
771.17 596.7
498.79 361.03
805.54 828.61
876.19 816.61
224.98 70.04
912.66 787.74
855.16 193.52
534.84 201.76
878.72 856.04
600.57 557.51
849.15 840.78
894.47 89.21
830.87 251.96
584.12 306.65
440.96 259.13
923.8 600.57
787.59 388.35
645.89 426.13
736.23 229.93
847.5 87.01
900.63 612.41
923.64 636.01
489.15 50.69
920.44 492.54
744.77 215.09
675.47 402.08
326.18 319.41
921.05 806.57
748.83 415.94
561.2 300.39
896.76 394.3
886.62 231.39
822.72 127.54
884.52 182.71
330.33 153.6
917.29 478.07
768.06 517.78
784.02 26.49
913.3 696.68
655.51 431.65
906.49 288.37
574.76 366.31
699.18 98.88
641.71 476.39
805.48 524.52
368.69 108.58
857.66 194.04
465.04 219.06
532.98 532.76
429.15 256.69
531.17 210
483.47 173.77
503.56 334.33
181.25 122.38
794 455.7
447.04 127.84
524.22 452.04
788.93 83.38
837.58 647.85
211.43 128.33
462.32 465.62
769.04 754.63
848.26 810.02
816.13 511.12
918.7 696.28
428.69 337.93
883.97 144.93
437.36 243.23
795.1 267.59
856.11 402.17
267.1 155.31
737.66 553.82
796.75 372.48
689.69 24.05
745.72 228.64
560.53 576.77
642.54 310.28
919.49 176.79
458.14 208.47
788.48 201.79
744.25 364.91
319.9 86.34
824.82 407.76
476 352.61
763.94 552.45
861.35 277.14
843.29 864.99
689.78 469.04
919.58 883.36
784.48 162.33
617.33 174.63
905.42 268.11
725.55 585.47
825.13 333.11
463.55 356.49
582.11 419.9
178.53 138.74
892.97 196.14
678.52 287.51
648.92 502.37
547.65 412.06
770.71 242.71
480.97 109.44
885.59 282.75
809.5 388.99
899.75 85.91
708.06 23.59
772.3 94
206.37 82.46
892.21 873.99
191.41 54.69
534.65 228.31
889.46 609.88
917.97 744.62
496.9 439.04
827.63 80.87
545.92 289.9
847.47 773.06
886.65 106.97
429.73 295.88
765.83 600.3
516.89 140.35
932.46 583.64
806.57 388.26
902.01 421.7
667.59 51.64
931.49 340.25
895.66 39
604.91 193.49
887.51 248.66
535.51 303.69
826.35 397.02
688.92 471.63
855.98 730.31
787.87 271.13
621.75 611.32
689.84 298.56
893.73 258.71
413.5 382
658.89 393.41
926.82 46.94
655.72 187.57
853.42 350.54
529.47 483.02
491.78 315.87
696.8 722.46
456.04 375.74
404.03 237.07
573.6 404.22
598.19 425.43
714.5 438.76
812.49 350.11
365.7 118.56
905.97 571.31
496.14 448.68
440.66 323.68
580.92 51.85
406.38 57.68
749.69 779.66
657.09 86.34
798.43 478.8
773.4 283.27
433.24 371.72
609.42 582.05
571.15 489.85
754.91 358.75
603.32 342.94
863.7 478.41
737.36 646.9
262.31 64.85
892.03 841.09
353.22 234.44
895.5 837.61
840.24 444.59
252.27 185.83
903.84 336.13
514.94 218.15
314.62 196.23
624.04 383.53
581.56 328.78
933.53 819.79
393.32 321.63
598.35 365.89
817.41 409.04
670.19 654.99
819.21 429.18
516.46 445.91
684.93 679.65
796.9 627.95
361.49 75.87
902.01 872.92
623.07 634.82
925.9 504.9
617.57 610.74
496.66 165.81
907.62 744.68
872.13 112.03
896.27 313.79
710.78 98.48
918.79 192.42
259.62 131.2
235.91 124.36
799.4 686.3
874.78 814.02
825.46 773.89
732.84 380.02
870.91 593.86
623.55 639.52
674.61 626.42
181.19 41.69
588.7 196.72
613.21 120.12
916.81 211.34
551.59 376.11
611.68 99
527.02 157.93
594.53 441.63
923.73 510.06
844.33 489.21
628.16 547.81
535.81 226.91
331.71 310.22
848.14 76.78
187.66 137.79
919.16 739.86
103.4 76.2
845.7 338.48
278.48 213.84
560.63 461.47
235.82 81.12
742.7 557.73
721.3 709.95
544.15 259.83
235.85 152.13
728.32 535.72
651.6 616.44
588.4 305.67
466.63 460.77
300.85 52.8
660.7 319.99
393.35 87.22
446.79 209.36
791.53 228.06
774.9 504.59
730.34 681.23
826.41 250.31
404.95 164.43
498.28 435.62
764.24 93.23
893.7 449.42
878.87 626.33
124.76 60.95
785.85 325.88
324.41 226.02
462.81 137.97
919.43 304.09
927.43 693.08
625.26 420.03
925.32 249.89
726.98 526.87
806.45 290.66
559.74 78.55
800.26 175.6
47.36 25.94
716.76 201.48
300.85 310.8
553.03 308.42
762.11 320.99
854.4 861.02
498.46 517.96
469.07 404.58
619.43 101.93
468.25 179.33
477.55 415.45
295.82 193.24
837.76 55.36
708.4 208.56
638.2 309.49
290.99 139.23
391.16 336.04
689.5 569.6
841.06 547.9
335.92 274.85
836.05 647.85
233.71 164.31
141.54 114.05
416.12 153.51
684.38 541.76
280.89 166.2
592.43 396.86
823.82 260.29
681.05 74.13
394.6 327.95
942.2 928.95
667.75 269.63
762.57 627.77
780.94 232.83
681.6 518.78
717.52 255.84
874.51 373.88
743.16 405.59
489.88 375.23
745.26 734.31
466.11 245.19
412 201.88
764.82 608.91
672.93 49.13
878.66 396.07
684.93 218.54
147.13 82.95
680.5 463.36
516.77 265.36
684.96 370.95
807.49 23.44
443.59 314.62
865.63 538.13
590.56 584.12
468.34 97.66
342.45 98.18
720.97 414.56
452.13 71.54
747.31 214.55
681.94 693.26
767.91 661.79
820.86 708.43
682.73 365.79
447.46 463.58
494.95 60.76
930.75 148.53
183.87 46.82
495.47 313.94
866.51 147.31
663.87 353.92
887.2 153.26
627.49 60.76
672.99 160.25
839.96 375.38
853.08 751.12
187.9 161.41
636.07 583.85
844.14 265.51
751.37 77.67
491.32 193.37
233.92 208.53
885.92 879.76
831.75 641.74
314.92 182.62
247.96 226.02
872.8 446.88
443.65 169.62
525.1 516.1
897.67 608.75
649.83 278.6
811.4 429.7
630.15 627.06
837.03 790.31
848.38 477.71
586.11 138.07
765.34 359.72
670.92 385.42
733.7 747.25
612.38 574.57
292.46 119.94
810.72 368.72
853.97 269.51
861.69 710.78
360.48 99.37
482.25 44.19
562.09 498.61
341.29 193.64
382.61 352.79
439.74 312.33
381.48 60.12
172.98 117.68
522.93 369.27
332.83 210.12
526.29 403.12
788.48 609.79
639.03 296
918.64 287.09
921.51 952.76
895.87 780.05
675.47 471.57
555.13 120.43
804.04 625.9
918 930.17
739.52 175.94
382.73 131.26
797.78 88.81
601.09 452.41
324.72 34.52
718.25 637.93
699.39 354.93
772.67 379.41
813.17 284.46
465.29 151.68
611.9 446.85
450.27 96.77
427.93 178.35
505.14 484.45
518.11 418.01
469.07 303.38
618.52 376.63
569.32 510.48
821.38 252.78
810.24 35.46
872.59 767.08
272.53 77.33
534.68 541.03
906.03 601.95
812.83 770.07
633.56 520.8
446.73 263.41
772.58 399.06
646.02 351.6
918.55 597.77
626.58 220.92
818.81 624.84
634.21 114.2
278.27 88.5
906.4 739.59
781.46 325.94
298.78 211.28
530.99 249.28
776.85 230.23
931.36 498.95
883.42 231.33
894.16 654.56
889.07 712.3
362.8 298.17
462.05 80.02
443.89 169.07
632.56 556.96
857.54 611.9
541.09 256.23
863.8 498.4
643.39 400.98
932.52 548.51
827.54 364.91
863.25 835.17
623.58 330.91
936.06 604.69
649.98 350.08
719.81 528.79
867.98 276.28
216.65 57.41
666.01 406.2
732.23 460.52
660.82 648.03
716.82 92.23
713.43 534.65
734.98 487.26
634.94 85.27
826.99 665.21
368.24 197.15
818.08 532.18
862.51 852.81
663.05 519.27
698.66 589.71
108.92 34.3
929.96 50.97
828.91 854.98
849.18 693.66
738.4 116.89
505.05 161.75
566.45 405.99
457.53 426.01
200.23 80.9
174.38 163.91
512.96 49.44
579.27 401.5
412.95 311.41
793.76 272.87
800.53 796.5
480.03 416.85
151.55 121.1
486.07 63.91
901.58 546.98
836.09 165.32
727.35 322.7
753.44 667.87
730.06 608.87
814.84 315.62
540.79 311.23
744.8 652.55
506.97 189.34
819.91 508.62
458.57 240.67
709.59 327.28
704.25 466.69
475.97 290.75
329.81 130.83
367.05 58.6
329.75 339.58
506.09 299.17
651.3 171.97
873.47 710.38
501.54 143.77
678.4 270.18
669.27 165.04
449.54 227.3
660.18 584.15
93.48 55.48
809.02 548.54
836.24 756.74
632.68 274.27
356.15 107.58
663.08 419.51
600.85 163.34
591.24 496.14
211.04 93.63
361.92 64.85
842.19 697.01
536.61 412.55
703.79 188.21
872.92 859.58
913.66 800.38
850.73 480.97
783.5 643.88
709.22 724.05
865.14 567.43
634.75 407.79
171.09 111.88
663.32 189.79
607.26 343.97
561.11 66.9
353.04 329.51
940.73 904.78
861.26 220.86
794.09 348.86
931.58 86.83
796.5 134.77
569.99 209.72
565.17 148.56
920.87 241.13
255.17 129.86
907.25 710.75
662.65 150.79
861.32 85.33
922.61 370.34
385.88 270.15
532.76 293.01
317.97 260.2
332.13 199.38
532.12 513.47
405.77 311.35
651.81 644.28
804.44 418.59
540.73 115.27
622 490.28
922.94 922.91
931.09 582.81
476.7 140.9
647.88 293.71
359.54 141.54
807.76 256.78
558.31 60.03
825.37 676.5
323.5 298.29
534.84 246.59
624.07 429.88
478.35 38.36
923.8 273.51
906.28 515.03
175.73 174.81
306.16 168.61
891.78 178.47
910.4 111
448.44 186.22
324.78 69.25
117.01 108.25
296.95 45.87
366.19 370.83
629.99 230.05
727.47 676.72
723.84 56.49
788.96 342.14
861.54 506.27
833.98 289.56
737.6 599.6
590.9 378.61
532.27 199.9
827.78 334.21
91.22 80.11
654.01 110.2
537.8 327.98
723.72 219.89
761.41 470.17
574.05 381.94
718.07 282.78
721.06 287.64
607.32 99.12
582.78 519.3
169.29 135.87
679.19 448.13
550.43 306.62
924.68 440.14
750.51 195.72
855.77 726.07
841.58 516.5
325.24 204.72
812.77 69.06
812.92 332.93
581.26 65.28
788.54 246.62
314.13 24.81
692.01 426.37
338.72 145.15
628.96 75.26
722.31 285.62
852.32 460.65
742.58 667.32
807.46 465.9
531.97 39.25
868.22 888.76
770.9 423.69
676.69 456.74
765.07 652.42
881.5 407.7
847.41 365.55
616.2 454.42
94.39 44.07
700.98 297.25
488.33 453.35
747.03 163.12
738.82 576.37
760.09 449.23
930.72 115.82
877.16 648.58
552.48 331.28
511.34 337.29
514.42 257.73
935.39 329.26
612.35 143.59
583.73 135.72
440.29 412.09
203.71 160.1
603.69 543.32
787.84 740.47
694.6 284.31
229.96 134.34
425.28 135.53
639.18 667.04
778.1 539.9
370.28 137.67
334.97 70.35
905.33 708.21
537.71 512.44
458.51 319.44
808.59 212.87
887.33 234.81
481.8 166.78
450.51 233.13
534.32 532.85
350.81 278.39
428.02 49.01
624.56 298.56
425.82 42.88
921.14 346.29
886.96 779.56
196.54 50.72
649.77 275.55
906.34 659.14
457.11 418.93
801.69 158.09
643.39 470.69
650.96 185.89
552.72 230.23
285.16 93.84
816.55 754.54
342.33 300.79
642.93 481.52
276.13 181.04
903.29 742.67
425.21 119.91
735.04 465.41
649.74 648.24
917.81 814.6
920.07 745.02
615.19 574.57
654.56 195.2
495.93 393.57
888.33 716.76
925.41 549.36
520.07 300.45
721.15 155.46
317.39 274.45
891.26 169.13
261.88 80.66
666.13 555.47
367.38 108.68
727.38 399.82
568.74 342.11
424.73 384.32
699.18 213.32
897.49 84.69
545.95 368.33
642.99 231.12
349.25 55.76
927.61 766.08
420.3 213.87
154.03 25.36
665.73 188.91
472.03 476.24
752.37 43.92
364.06 227.06
659.35 143.71
221.02 71.17
418.62 60.82
725.12 328.26
803.95 242.1
681.54 702.6
205.91 137.58
217.78 95.31
381.18 103
764.43 444.5
304.64 247.6
924.41 559.13
593.98 160.19
354.63 245.86
775.81 624.44
577.29 96.53
877.04 713.46
591.97 529.01
606.52 582.23
722.4 581.62
787.99 162.11
616.6 598.22
701.25 375.56
754.39 751
768.7 237.5
331.92 142.28
608.72 518.23
358.68 143.56
330.76 262.37
219.24 63.02
766.2 282.75
366.22 182.62
775.51 273.35
242.41 153.66
654.16 108.22
853.27 536.39
430.52 179.54
806.15 72.54
172.73 38.85
540.88 219.4
672.38 220.44
938.11 961.42
909.48 311.38
467.36 430.28
701.86 247.29
530.23 173.71
929.23 430.49
646.5 270.03
830.26 61.95
577.41 514.08
832.85 467.27
898.46 610.89
927.82 697.93
922.45 511.49
612.11 575.67
782.68 686.36
447.65 107.61
713.71 384.84
660.7 193.46
928.89 299.54
270.85 194.46
793.79 582.2
854.34 246.77
113.96 44.31
160.99 77.55
682.94 42.45
867.73 404.68
568.07 287.73
925.11 367.69
731.38 240.7
663.78 264.08
567.64 572.86
415.39 267.89
548.11 212.65
225.01 233.95
683.16 122.1
411.54 354.59
509.54 378.09
243.08 34.3
369.58 372.23
125.49 117.68
869.81 737.66
868.83 608.05
927.34 579
634.85 416.64
777.34 414.44
509.9 415.02
876.74 482.56
832.94 447.34
902.1 395.49
324.66 134.01
789.21 313.61
551.16 63.91
805.57 395.98
146.89 36.1
721.64 620.53
707.14 567.49
907.01 221.96
354.38 319.65
751.61 775.02
95.43 62.41
762.96 670.95
141.54 115.09
390.42 356.94
588.67 115.12
396.71 228.22
935.15 915.4
414.04 109.16
764.34 652.3
929.11 362.59
880.37 681.11
185.16 156.8
809.11 558.49
513.08 257.39
909.88 139.29
350.96 314.28
926.85 455.43
880.89 692.07
572.65 461.35
394.27 392.32
667.99 456.83
665.7 439.41
819.42 624.29
781.43 787.68
257.21 119.42
509.72 337.93
294.6 262.28
853.11 543.29
741.97 239.94
857.14 400.31
694.02 603.14
720.05 479.35
368.51 99.67
747.95 54.99
853.14 889.43
684.96 586.69
916.5 571.92
567.31 374.46
595.54 473.19
916.9 693.11
247.38 190.98
836.12 439.28
849.09 313.06
942.2 942.29
927.64 570.88
674.61 268.41
255.96 34.88
828.3 492.54
561.17 86.64
170.42 44.16
209.6 120.21
778.89 739.83
532.67 243.26
198.07 67.42
776.94 638.6
586.17 468.61
934.9 817.41
653.89 603.84
806.02 24.41
886.26 836.24
826.78 828.52
340.59 42.88
348.67 307.93
609.88 599.6
778.28 766.01
847.22 479.66
426.19 138.52
595.14 196.02
306.8 183.17
587.91 329.97
415.88 274.18
881.53 318.89
215.34 140.66
451.03 346.17
862.18 155.52
930.75 945.43
868.28 105.87
252.88 222.08
614.7 443.77
813.56 451.64
487.11 255.75
931.97 247.6
611.47 628.68
865.69 524.67
230.29 188.12
697.93 547.5
645.04 368.21
787.53 354.38
905.55 818.69
674 66.56
849.3 160.41
373 205.48
641.74 600.02
634.48 562.27
907.65 318.83
75.96 64.24
835.9 488.02
829.55 277.57
934.72 496.08
474.44 435.74
122.9 119.11
487.87 407.88
537.61 494.95
401.72 332.01
819.21 268.78
800.1 223.58
427.78 310.68
917.29 606.37
687.77 471.76
513.57 424.63
853.24 790.4
684.44 262.22
521.53 474.14
678.06 329.66
700.19 289.8
885.86 98.18
674 164.89
692.31 296.37
764.98 221.38
651.69 303.42
798.06 484.21
99.28 58.72
751.4 770.53
491.68 283.06
907.1 130.77
827.57 582.42
472.09 482.41
277.32 82.86
908.41 765.1
302.87 303.99
846.13 799.58
834.93 652.46
412.52 313.79
534.1 525.99
892.97 840.21
747.61 593.89
860.13 838.98
491.32 503.28
852.69 271.31
247.38 226.23
217.44 128.82
854.37 761.31
902.68 53.53
930.14 860.99
783.84 632.16
682.27 427.84
574.54 393.44
908.41 489.03
749.05 328.23
918.67 446.15
619.16 377.94
67.11 43.03
830.5 351.21
658.04 285.47
644.4 134.59
674.21 670.92
454.15 395.15
936.98 924.5
790.31 427.87
671.83 61.25
203.65 173.92
581.87 368.3
328.5 48.43
843.2 34.12
918.94 842.37
442.43 280.4
926.91 941.13
260.93 231.82
355.82 293.25
794.37 125.64
803.37 729.58
650.69 555.1
134.56 75.35
805.48 465.38
787.19 402.91
571.52 264.66
547.56 456.92
691.24 458.02
177.59 171.54
414.23 418.26
752.1 554.16
713.37 111.21
572.28 579.33
617.21 152.17
624.5 406.84
659.08 388.44
515.49 228.61
156.68 26.34
187.08 174.6
458.3 478.07
760.16 96.5
539.26 380.11
754.14 189.86
566.7 85.67
718.25 722.25
94.36 57.44
733.94 94.79
700.58 582.69
636.74 624.99
472.18 484.3
317.64 116.49
848.96 646.47
249.55 177.62
594.01 208.96
879.02 208.26
365.95 253.06
228.64 29.11
652.33 43.49
110.97 105.62
724.81 418.23
621.14 105.75
710.96 47.18
524.74 323.65
520.62 208.69
627.34 463.24
558.37 329.05
754.69 47.49
611.65 636.01
779.32 100.07
499.31 134.19
700.49 390.91
245.22 125.77
866.6 878.51
672.48 630.91
916.99 755.94
835.14 778.86
642.23 442.58
766.96 317.03
468.28 318.58
298.01 163.46
824.15 596.03
492.29 24.72
692.92 604.17
485.79 406.38
295.72 104.37
868.1 506.3
641.29 300.18
674.76 307.26
822.66 235.02
923.31 553.18
902.4 74.25
760.89 213.66
888.15 494.13
860.93 883.97
283.49 82.09
749.05 615.41
914.58 483.32
647.72 227.55
713.77 743.61
536.7 287.48
893.46 100.99
357.71 268.17
506.21 438.76
730.12 715.29
302.56 50.72
812.16 168.49
708.58 156.99
850.83 168.49
738.15 409.16
742.21 774.87
637.2 137.33
658.74 69.86
431.13 138.86
706.69 543.32
746.67 330.45
497.09 244.51
521.01 391.64
586.02 398.21
773.98 769.37
542.74 246.1
658.74 572.86
713.89 122.44
455.89 115.63
643.97 572.8
635.06 231.57
624.29 128.12
919.37 546.43
885.25 256.9
667.68 666.13
480.33 230.11
329.36 235.79
929.04 60.4
757.07 271.28
638.6 59.85
500.41 438.28
702.14 523.58
840.6 140.54
637.59 373.85
490.89 73.85
878.51 153.63
110.39 28.9
710.96 513.75
680.29 554.4
923.52 152.01
898.56 373.7
757.71 449.57
255.99 183.51
879.36 348.86
488.3 244.06
500.84 519.06
797.39 38
782.46 202.31
326.52 272.62
567.52 515.27
903.07 531.11
924.65 31.8
932.04 587.33
671.07 420.24
450.12 283.73
810.21 81.3
789.15 626.94
653.31 135.38
697.74 279.73
589.95 56.79
863.67 564.38
721.58 129.31
399.24 232.52
575.18 146.67
654.68 417.98
902.46 717.18
809.81 641.22
791.41 795.89
755.79 138.25
694.51 266.73
190.95 73.03
741.54 200.87
679.1 243.45
599.02 378.25
710.84 173.25
280.25 210
774.38 209.02
462.42 86.28
609.39 628.19
488.91 470.17
565.75 73.18
727.77 311.87
706.35 318.8
933.87 717.12
721.95 715.45
136.54 105.53
734.86 649.68
762.14 558.49
116.76 87.04
632.77 507.22
729.18 458.48
791.65 609.12
530.29 547.65
637.23 382.27
883.79 319.22
243.45 128.18
723.72 53.13
727.2 687.58
800.96 563.49
589.8 151.01
749.05 56.86
712.91 546.53
705.89 289.28
878.48 824
780.36 233.13
904.69 176.24
666.1 651.42
891.26 206.82
787.04 68.67
847.74 65.92
369.4 52.37
445.48 402.48
796.96 69.52
112.86 110.35
881.98 834.89
260.66 145.3
714.59 267.1
443.25 305.73
369.06 255.56
118.93 24.35
846.13 377.58
413.74 151.98
701.56 236.18
861.63 214.42
288.46 150.94
446.67 92.65
541.55 363.93
901 243.42
224.52 98.91
867.15 267.13
596.73 37.48
748.44 562.82
645.59 586.47
782.13 624.5
515.67 293.13
211.98 54.6
169.99 71.32
848.32 616.23
761.5 205.05
405.8 50.48
351.82 313.55
615.96 291.79
577.2 96.26
596.64 561.24
492.81 102.42
919.34 454.76
620.08 119.17
677.11 645.62
724.14 569.32
193.33 136.88
551.62 482.65
394.82 321.39
776.85 417.31
488.78 467.39
406.26 326.46
773.06 59.3
881.65 782.25
901.49 457.47
416.79 357.62
216.1 35.74
634.11 393.05
683.22 336.34
613.91 300.52
881.95 513.75
756.98 304.24
501.48 501.97
398.18 123.42
885.31 749.11
434.61 367.41
436.2 219.61
626.03 458.72
637.71 559.34
710.72 83.59
256.81 42.7
724.97 188.73
874.6 258.92
600.88 316.51
450.91 310.1
681.3 121.19
441.48 159.76
670.16 535.29
223.98 52.16
245.89 131.29
897.31 249.92
791.92 394.48
901 658.93
392.1 153.66
539.9 205.82
722.01 168.22
735.44 145.63
654.56 175.33
772.24 442.88
729.88 422.83
830.04 206.37
615.16 280.65
592.61 279.67
565.97 207.92
928.77 557.08
730.37 346.63
883.3 113.62
909.97 693.14
855.71 827.33
937.83 918.3
376.51 296.67
670.64 588.21
888.58 814.26
579.18 456.43
439.47 26.28
757.29 672.93
732.96 268.11
791.41 649.13
851.28 244.51
565.69 105.62
369.34 350.93
816.43 594.81
629.84 28.81
923.89 489.24
530.78 304.06
532.91 463.36
531.48 117.44
524.43 349.25
915.37 637.01
897.37 810.54
577.68 488.08
425.64 194.13
882.84 120.82
795.25 73.18
681.51 219.09
609.76 564.01
289.53 40.93
780.45 119.27
594.1 104.53
917.2 100.25
648.34 154.12
606.74 415.63
676.84 405.07
716.85 137.24
773.28 780.54
691.98 620.29
884.7 863.61
562.18 428.45
928.89 693.81
408.46 311.75
733.12 756.46
280.56 56.22
794.15 558.98
801.75 118.14
774.93 367.2
522.11 263.71
915.49 343.58
732.47 295.63
931.3 659.75
626.73 297.46
199.07 54.84
398.97 352.55
873.29 648.7
923.12 571
474.38 189.52
519.85 114.26
403.91 33.69
611.35 482.68
539.9 402.75
830.81 75.62
199.44 182.99
474.11 264.5
811.03 828.7
456.86 416.97
838.04 664.17
436.9 308.05
797.97 504.1
900.57 539.08
522.23 229.62
577.84 299.26
150.12 77.09
835.29 148.01
333.99 244.7
397.93 238.35
830.53 144.99
748.77 289.99
458.14 410.17
357.4 138.46
620.56 154.15
193.76 59.54
524.46 518.23
813.47 326.15
408.76 351.15
495.68 493.85
491.2 220.37
797.75 674.18
905.55 412.64
885.56 239.72
395.31 368.02
384.11 238.26
656.94 83.9
820.8 150.21
274.7 279.03
620.87 269.42
915.34 524.64
590.23 609.06
573.87 372.02
471.33 91.92
645.59 628.47
896.82 594.47
504.78 100.16
651.23 605.09
906.8 190.16
903.47 51.39
310.01 229.01
857.05 260.99
645.56 75.5
677.02 352.21
697.96 38.3
753.2 255.13
786.71 495.22
361.4 143.53
517.38 510.18
864.04 279.85
799.62 176.82
765.53 546.74
935.91 946.38
751.88 212.68
758.66 169.71
175.66 152.71
599.66 536.21
320.29 35.58
736.26 482.31
326.52 141.67
555.38 160.25
702.96 697.1
731.62 457.14
663.01 187.69
641.07 145.3
582.02 212.5
471.63 103.4
898.16 191.23
537.28 551.32
668.45 391.61
841.82 602.37
901.33 411.88
545.27 436.48
528.92 533.16
437.03 191.9
314.25 81.58
872.77 373.79
935 728.08
410.53 202.8
732.29 649.22
607.14 173.41
849.42 81.18
918.06 814.6
195.87 174.35
679.68 686.48
905.76 436.23
390.58 51.7
511 259.74
769.77 62.07
606.77 113.5
917.97 90.73
510.85 45.5
693.2 539.63
498.46 27.47
761.13 599.38
714.62 358.96
350.54 41.29
456.53 423.05
543.78 157.29
588.79 135.72
240.94 197.61
751.79 572.13
558.61 91.68
520.37 79.44
790.89 166.69
714.32 574.45
162.69 43.03
655.08 176.15
925.63 207.34
546.4 151.34
321.27 69.61
913.11 28.63
421.89 220.95
541.4 323.4
662.25 672.08
614.95 68
923.55 825.5
819.36 383.34
658.22 403.24
548.42 204.14
767.51 573.17
906.74 441.15
372.88 52.06
852.5 653.61
852.17 276.56
599.05 398.21
730.03 573.11
811.82 309.06
926.3 176.79
812.98 699.94
797.88 767.82
476.58 238.11
558.89 473.22
521.81 237.22
330.33 328.1
544.82 115.39
562.21 97.6
376.48 121.92
534.87 529.37
749.84 618.03
728.26 313.24
805.08 519.67
769.25 719.93
859.31 859.07
930.02 35.22
678.76 629.96
353.31 285.68
417.65 285.62
682.73 700.46
894.68 178.38
832.27 337.6
899.69 491.13
539.23 181.86
573.29 353.25
185.83 84.75
630.79 559.86
194.31 30.7
372.2 308.18
754.48 638.87
858.46 453.84
787.59 279.67
771.17 698.54
215.4 179.42
878.84 389.51
287.76 220.62
689.57 490.43
536.03 493.61
752.8 540.33
647.42 59.18
698.51 435.35
924.04 869.72
769.62 442.7
681.66 615.28
781.27 751.4
870.78 640.8
788.29 510.39
899.44 845.91
699.58 544.33
780.69 621.6
612.08 187.38
649.74 367.32
735.71 666.4
791.89 816.71
577.04 175.85
679.01 70.41
868.31 751.12
846.37 168.43
404.86 373.85
852.02 107.24
805.75 307.93
395.4 172.7
756.16 655.57
344.98 250.16
709.13 649.13
413.1 409.74
932.4 191.5
913.82 144.96
831.23 732.35
523.73 452.53
760.03 644.25
115.21 84.29
477.13 118.59
73.67 51.85
641.32 638.48
838.19 702.08
448.77 98.82
643.94 219.55
269.33 61.1
883.27 41.47
750.6 77.09
793.42 782.04
327.68 314.07
594.16 209.48
577.84 247.38
232.7 122.2
779.23 204.32
607.5 90.82
598.32 560.29
650.41 664.51
631.64 613.51
783.14 133.09
390.03 205.39
793.88 325.75
880.61 644.92
924.47 291.63
302.56 242.38
689.9 579
361.98 286.39
756.86 482.96
786.22 249.7
785.64 759.36
511.19 484.39
636.22 194.34
381.6 125.61
315.01 269.23
702.87 393.78
828.03 662.98
594.96 189.12
691.4 83.25
597.74 405.26
729.88 38.88
926.66 703.36
900.54 685.54
825.4 547.81
575.18 547.44
281.81 204.41
329.2 82
796.69 654.29
604.94 215.28
497.85 173.99
479.81 342.08
567.95 496.81
335.22 43.7
927.82 801.87
593.55 125.83
809.53 534.07
805.08 276.86
703.3 277.93
484.36 415.05
177.28 183.87
701.93 731.38
845.42 317.21
449.05 297.31
271.68 188.39
925.44 721.12
764.76 750.39
746.15 175.94
310.56 108.68
630.94 80.39
665.7 366.37
542.44 52.58
289.47 129.73
897.18 407.33
907.77 408.92
408.58 329.84
90.3 49.99
505.78 459.4
808.68 832.45
571.49 346.75
870.27 711.17
855.49 40.47
611.99 101.32
771.32 598.83
629.51 423.47
869.5 316.32
854.73 538.53
611.87 342.63
940.24 968.66
781.61 653.86
643.51 380.96
934.69 322.67
187.2 38.27
779.2 698.9
378.83 312.3
885.16 173.35
723.41 691.4
841.76 469.1
296.33 30.37
421.49 106.85
502.06 146.79
732.44 31.43
626.09 540.48
682.42 161.08
831.54 541.46
626.39 92.17
938.81 949.68
916.75 560.93
858.94 173.1
406.23 279.03
445.02 289.25
708.79 594.99
725.42 611.62
484.6 338.79
795.71 681.81
918.39 77.03
918.45 640.43
849.82 62.01
650.99 128.15
183.2 114.47
837.58 552.17
355.36 78.89
478.59 154.76
896.39 126.62
887.23 194.19
440.99 64.06
785.52 63.42
196.81 107.52
657.22 175.18
923.64 833.49
350.14 207.43
475.75 464.09
677.24 328.96
688.86 615.86
727.65 24.02
809.44 220.07
815.91 659.96
922.18 834.22
260.08 246.65
858.33 392.74
930.88 643.67
769.34 363.32
878.84 308.69
466.48 240.58
725.09 345.99
835.35 363.23
836.97 592.91
337.99 151.22
803.89 355.63
79.07 56.31
567.8 140.14
933.77 621.69
544.82 347.45
621.6 393.57
701.99 73.18
828.7 195.65
922.21 409.47
646.81 195.04
815.36 730.09
665.15 62.99
690.73 685.2
595.63 289.9
365.76 102.36
930.75 279.92
669.79 83.99
902.01 330
708.27 162.21
807.06 33.6
827.48 655.69
924.89 587.18
840.78 853.27
842.68 91.16
169.26 63.3
698.81 231.6
617.45 114.9
328.14 72.97
892.7 851.99
622.55 523.76
754.05 63.72
779.05 567.52
562.55 71.54
591.27 358.23
876.8 376.87
597.52 250.01
825.59 726.43
592.7 562.3
835.66 546.62
245.8 95.43
818.08 223.82
620.96 79.93
895.78 637.32
742.3 662.86
866.51 346.78
909.51 856.62
671.38 72.63
390.3 198.64
529.98 487.14
789.76 303.69
673.24 628.99
488.05 158.88
791.25 211.07
476.36 454.05
723.32 169.35
751.4 413.68
901.94 420.94
855.37 28.38
629.9 269.75
757.74 533.43
477.74 400.16
892.64 63.33
825.07 563.62
241.19 135.47
914.98 324.96
901.88 204.99
371.47 112.13
834.93 228.37
739.04 391.34
832.76 412.92
837.86 626.7
889.13 255.68
450.15 56.64
333.84 111.88
854.06 301.13
235.79 227.79
799.43 456.28
817.87 327.95
752.19 93.94
893.19 871
918.7 816.49
200.42 146.34
850.15 93.66
669.03 296.15
918.27 656.67
856.75 566.85
337.11 329.75
925.44 465.96
387.59 89.85
633.17 210.55
883.27 70.07
790.83 441.05
895.9 609.52
454.54 331.22
885.98 610.34
942.9 914.12
935.42 683.16
802.21 500.66
770.01 693.47
751.37 524.09
573.2 204.29
834.62 296
606.68 395.25
848.78 775.41
384.41 337.02
572.13 25.61
626.24 24.75
405.71 253.24
731.07 364.85
440.75 310.92
250.19 253.12
871.61 366.16
636.68 649.98
660.18 53.29
683.52 384.99
412.4 69.19
848.63 666.77
592.61 613.12
558.7 217.57
702.9 514.91
813.56 597.77
763.79 388.93
819.15 304.54
777.21 752.43
914.73 267.07
761.74 659.96
358.1 192.08
140.57 143.38
651.69 50.87
805.35 581.84
498.92 58.11
797.85 201.36
473.68 48.49
884.76 738.33
425.03 252.91
481.77 159.25
543.2 555.56
932.25 137.91
531.94 118.99
819.39 382.79
569.54 215.8
781.12 704.98
797.81 830.84
800.16 626.03
629.96 624.23
647.39 214.51
647.02 146.61
329.36 220.74
844.57 346.42
812.22 749.38
522.17 505.51
444.69 451.74
861.35 424.82
284.19 236.03
708.18 380.57
864.83 763.94
940.52 885.13
858.03 327.65
924.74 464.67
585.83 428.48
872.31 690.6
363.69 329.02
873.1 238.65
694.91 528.28
464.43 235.51
441.97 342.02
777.49 336.71
510.3 124.52
739.8 287.91
587.15 225.1
893.8 825.13
663.99 414.14
730.46 475.48
766.99 337.57
715.72 535.91
876.4 155.67
532.43 142.46
629.72 100.22
870.3 259.04
765.04 423.02
842.71 138.68
878.11 400.07
245.86 76.48
625.78 599.17
732.38 752.83
818.93 329.63
896.42 721.24
837.82 421.31
788.6 392.07
175.42 45.87
585.83 552.42
931.3 209.14
474.01 386.82
684.44 367.87
815.94 44.5
287.7 280.62
601.49 42.3
749.38 623.62
704.83 386.15
677.6 607.62
903.78 398.63
173.1 77.88
772.42 359.66
500.84 45.26
678.18 593.74
309 253.52
716.12 641.5
757.13 330.18
565.63 352.49
520.65 167.88
856.99 151.04
369.37 315.01
477.89 129.86
649.71 543.35
361.71 332.13
874.2 198.13
853.42 495.44
638.78 144.51
927.85 555.71
827.23 298.84
659.66 208.38
700.95 54.45
257.76 84.32
409.22 148.44
395.46 341.29
680.81 259.41
294.14 248.45
814.69 818.17
704.43 488.27
499.59 101.38
716.18 128.15
885.95 489.49
508.93 82.98
596.18 453.44
882.08 522.17
505.84 438.55
120.94 67.72
662.1 416.12
478.44 382.34
706.08 204.47
799.62 626.48
850 675.59
861.42 856.75
714.77 94.15
102.05 40.01
641.56 189.86
881.56 381.91
688.62 585.83
859.19 657.37
773.34 409.71
895.72 176.27
835.6 336.34
746.82 224.07
565.02 246.19
834.5 90.95
379.86 394.27
852.72 544.45
904.39 569.26
665.46 23.68
750.18 441.94
842.1 172.28
859.4 122.93
867.18 472.79
812.1 195.47
907.68 296.12
234.11 85.27
657.77 590.62
824.92 669.42
715.63 246.86
933.04 415.17
705.77 46.17
920.74 215.49
666.31 641.32
808.34 645.89
672.23 485.46
740.84 206.58
727.2 675.01
110.32 55.64
686.21 142.74
908.11 242.19
831.26 260.26
914 97.75
566 389.17
876.16 125.46
529.16 315.81
662.5 23.68
673.24 214.09
514.08 137.61
422.9 397.78
586.02 367.78
427.81 197.15
38.97 32.56
736.2 241.65
368.05 85.36
715.29 259.9
521.04 287.82
412.58 267.74
794.64 426.16
635.98 506.3
483.9 488.14
912.99 750.36
779.23 756.61
798.46 146.89
315.65 112.61
640.13 475.63
695.12 418.68
921.75 431.68
873.04 721.4
739.68 93.87
668.36 51.64
874.51 489.24
380.5 346.32
930.6 800.44
619.5 487.23
647.11 609.7
597.55 489.06
453.44 376.9
370.89 240.61
656.27 383.28
660.05 284.71
526.57 343.36
545.88 399.09
156.38 123.78
928.43 879.85
243.51 200.08
158.54 138.34
880.03 499.68
455.06 423.93
595.69 590.59
862.88 858.39
707.48 549.79
873.2 888.18
701.62 671.01
846.37 121.86
721.67 70.35
260.87 66.9
753.87 164.59
657.86 81.18
913.57 54.6
573.78 495.28
875.33 56.98
780.66 601.98
266.03 74.86
180.97 139.41
882.9 753.9
837.73 867.18
300.94 59.54
224.46 45.87
364.21 244
899.11 286.2
860.26 54.63
854.3 409.83
70.77 32.41
38.85 29.24
434.22 53.25
697.07 605.24
397.23 62.84
667.35 371.65
890.9 46.17
891.9 902.28
793.36 218.12
555.44 491.26
776.45 630.42
167.06 157.75
845.18 423.17
731.89 243.63
656.58 551.29
482.13 417.22
362.07 259.1
927.4 681.81
671.41 50.39
511.76 287.18
121.37 69.06
580.52 433.21
862.21 670.16
658.41 76.85
878.41 42.82
444.5 344.95
920.44 615.99
653.43 435.9
590.96 218.27
894.68 899.08
827.33 422.53
445.17 47.67
858.97 807.52
564.99 234.23
930.97 800.68
781.88 576.37
754.39 615.62
629.69 143.25
670.46 589.86
223.85 131.9
530.41 81.24
443.37 154.36
711.84 254.59
620.87 118.05
599.75 451.28
858 700.74
701.9 206.52
889.52 642.48
264.99 51.36
335.37 239.08
349.41 281.69
564.71 39.58
373.91 118.81
133.37 41.78
717.15 615.77
761.31 594.29
234.41 89.51
830.77 593.4
798.88 823.91
855.68 285.01
789.45 47.91
443.65 197.58
248.79 247.6
650.35 52.13
896.82 893.49
926.79 121.65
736.87 484.33
504.26 461.35
887.6 391.71
344.52 158.42
823.21 576.37
667.01 623.52
525.77 223.88
768.73 550.4
896.94 112.25
781.27 789.36
864.99 609.42
930.54 817.87
805.08 250.43
818.75 623.4
486.31 486.22
863.86 437.51
745.32 96.41
428.05 221.08
555.35 361.06
557.82 37.32
221.99 173.71
623.37 505.91
426.59 354.56
559.98 472.24
749.29 186.65
405.62 276.8
815.06 39.37
817.22 341.53
760.98 303.05
530.75 295.02
633.96 181.74
597.13 402.72
564.99 284.19
890.16 861.14
922.24 631.15
607.87 388.1
721.98 84.72
681.66 519.12
919 485.46
674.73 578.39
430.34 93.23
742.76 290.35
893.98 860.96
575.24 240.39
831.2 667.44
689.05 136.2
810.36 632.16
698.42 566.33
277.78 152.32
539.2 93.91
369.88 248.66
333.84 94.79
527.94 238.32
61.49 30.3
748.34 585.86
718.1 276.1
186.1 99.64
328.99 123.2
617.45 32.96
549.97 560.47
851.28 375.68
755.24 615.8
903.04 654.74
398.79 151.13
494.74 499.53
921.51 304.3
868.07 650.93
439.8 177.53
728.26 316.75
60.24 42.42
738.67 379.31
796.35 447.92
526.78 464.16
805.57 794.82
864.25 811.46
596.61 166.51
659.72 126.77
614.06 306.38
407.09 284.4
880.7 539.54
593.43 160.59
805.38 723.65
744.93 680.96
461.62 147.59
923.55 654.19
568.8 225.93
903.32 563.43
623.98 582.78
758.57 218.67
818.35 49.5
854.92 674.03
815.06 184.12
721.12 31.92
596.27 101.75
422.99 146.82
810.75 118.81
376.72 311.9
784.57 437.91
705.47 444.35
756.31 608.48
646.5 133.03
865.72 476.97
610.43 94
158.73 55.51
324.44 94.52
618.58 106.17
646.72 411.11
733.67 478.77
804.32 826.17
944 22.52
382.98 235.72
518.17 431.53
809.47 217.14
854.82 388.38
861.63 479.42
714.53 338.97
314.22 191.38
738.94 334.7
921.02 523.12
688.01 617.05
622.67 303.35
416.06 52.55
286.11 170.29
851.95 809.66
412.49 224.43
282.11 63.72
880.18 304.48
708.03 442.03
753.56 306.71
850.86 27.95
763.88 350.41
678.4 608.97
188.18 44.8
816.37 699.45
515.18 425.12
806.15 156.38
800.2 797.75
819.15 750.82
794.31 263.1
848.6 378.28
580.83 447.43
524.46 29.05
404.16 190.89
511.76 153.54
848.51 204.41
475.39 92.99
821.89 740.32
784.81 558
727.56 121.1
295.91 134.98
749.99 415.88
662.62 358.5
914.24 683.16
709.46 285.26
608.08 107.43
673.12 423.02
606.56 91.68
260.63 243.32
653.77 309.18
295.48 140.57
708.64 649.16
529.74 372.91
826.56 146.49
700.67 462.54
853.66 710.29
370.31 240.85
725.09 670.31
891.42 102.15
214.55 43.12
492.36 294.17
549.21 132.3
654.38 40.38
934.39 632.86
905.48 123.48
619.56 409.74
751.3 247.93
720.91 332.65
147.25 28.72
612.69 74.19
551.38 142.22
207.22 207.89
487.32 126.62
828.88 143.93
908.44 358.38
660.63 650.5
470.69 96.56
753.87 226.42
687.64 353.25
810.48 402.3
938.75 853.91
772.21 449.23
805.2 486.1
632.98 238.32
939.97 814.78
153.11 44.1
769.89 546.16
522.69 329.36
439.37 127.32
665.88 506.15
328.14 202.37
694.6 507
474.72 84.69
935.7 558.85
745.26 260.38
785.67 577.35
861.02 249.98
894.71 353.19
804.22 291.3
841.79 644.95
902.43 536.85
599.99 42.6
923.46 457.17
555.35 441.18
575.15 420.36
402.66 297.86
397.99 304.27
836.3 364.39
346.93 258.83
764.43 564.59
591.63 592.46
749.96 80.11
655.2 465.47
864.59 369.12
594.93 371.84
830.56 50.14
598.1 243.96
518.78 394.48
816.55 176.12
726.55 458.72
798.85 607.62
827.3 519.64
675.16 241.46
890.84 690.76
728.23 543.78
585.47 505.66
453.05 261.88
485.27 434
790.83 331.31
244.39 96.84
748.89 61.4
503.71 121.52
727.2 373.94
731.44 523.33
824 294.96
283.61 36.16
888.58 554.52
597.31 461.75
448.01 82.37
892.36 918.06
706.26 563.55
372.17 165.5
545.46 373.49
743.1 301.19
592.91 601.21
264.32 240.88
428.94 298.26
530.01 395.12
825.65 33.45
896.24 792.5
847.01 264.6
222.11 142.55
432.02 65
653.98 204.35
928.46 268.56
739.22 231.09
776.57 144.29
758.81 107.46
572.28 348.98
301.07 117.4
699.7 294.81
585.68 42.63
504.75 292.73
885.8 295.75
818.29 533.95
717.86 285.96
512.44 84.96
802.97 792.63
886.99 244.42
218.39 176.79
696.95 362.9
248.27 119.48
406.29 304.39
833.03 114.87
556.14 201.64
368.48 24.11
221.11 129.92
556.29 144.69
922.54 628.96
755.03 114.87
898.74 224.19
915.56 241.98
677.69 457.56
568.68 511.67
679.8 194.92
644.34 75.78
922.7 53.35
861.48 693.56
541.86 123.94
403.55 191.6
535.23 193.55
713.06 42.85
694.02 144.47
812.22 558.34
542.34 347.36
697.32 502.4
572.65 254.62
278.66 281.59
596.58 442.49
874.39 553.97
868.8 415.85
776.73 662.89
632.8 400.74
205.66 44.04
530.47 282.88
686.67 144.35
926.27 824.64
817.5 823.11
913.97 237.28
296.4 48.74
451.46 417.98
32.9 28.93
865.57 340.13
626.39 418.1
745.9 417.19
914.58 456.01
500.75 495.04
889.61 160.8
514.82 344.62
729.97 25.39
595.17 446.09
552.72 191.87
937.22 588.24
262.73 248.39
840.57 779.6
288.58 74.71
168.61 46.05
441.85 395.06
869.32 750.54
176.64 75.5
742.03 248.39
780.27 36.9
744.19 438
805.84 444.38
555.41 46.14
890.87 540.12
774.13 535.57
460.37 88.63
725.67 332.77
590.9 580.8
882.87 224.25
780.33 91.22
578.45 61.56
664.17 541.8
828.82 779.75
816.03 54.35
588.67 224.56
802.85 196.6
847.13 190.71
402.72 153.08
898.74 704.46
561.11 464
669.03 483.93
624.53 517.59
749.26 159.46
659.96 325.91
436.93 405.9
214.85 110.57
544.85 109.62
616.72 578.51
481.77 192.75
897.95 794.03
896.24 927.95
489.97 138.28
699.88 564.07
920.59 601.31
830.16 238.38
506.15 394.79
644.64 672.81
817.62 239.2
743 579.64
537.8 552.11
361.16 121.68
640.22 407.61
461.84 352.43
725.06 375.29
763.79 633.81
507.28 500.2
838.56 811.88
624.26 620.56
940.21 728.87
600.05 334.82
581.23 224.52
771.81 98.42
844.26 194.22
728.14 208.35
861.84 639.76
715.29 431.41
525.19 118.26
813.04 109.2
750.51 291.51
801.23 68.12
925.99 915.31
737.27 450.03
630.85 65.92
522.75 281.62
870.45 247.35
852.6 264.81
819.39 256.11
722.34 261.36
529.86 471.57
693.41 521.29
540.09 229.9
86.09 88.56
796.53 320.54
408.4 277.29
845.48 424.73
209.94 177.47
889.89 331.03
502.4 313.91
895.99 884.73
629.35 57.31
904.54 119.27
506.67 366.47
421.19 26.15
676.56 540.42
845.27 219.31
271.31 222.21
932.52 82.74
850.83 335.49
502.3 253.12
473.71 204.47
659.51 553.27
509.32 307.44
696.92 475.42
843.93 478.9
445.23 109.01
482.8 489.97
910.7 338.97
431.62 175.02
919.25 147.53
427.02 154.09
787.74 295.63
775.78 567.49
265.02 147.19
497.79 190.44
829.1 115.67
642.38 509.78
500.05 378.12
919.03 651.91
561.97 327.52
578.08 580.65
56.79 49.81
266.24 33.94
492.23 181.4
292.73 126.53
735.65 196.02
577.38 448.04
783.5 768
911.59 176.15
787.16 272.35
865.5 665.7
773.28 300.15
896.88 759.79
578.69 403.76
570.82 136.51
529.89 58.05
494.37 476.03
462.14 91.56
390.42 184.88
435.65 187.17
827.54 535.72
532.64 23.96
684.99 607.14
694.88 659.47
773.71 48.49
872.01 752.37
579.45 245.86
565.14 430.59
527.97 163.7
793.66 432.33
272.5 246.41
891.57 154.79
496.9 489.82
421.28 366.53
615.16 345.56
532.36 286.08
356.64 32.41
870.66 459.97
924.1 510.94
912.08 710.56
223.18 61.98
329.72 132.54
530.44 544.24
501.14 273.63
611.87 373.76
911.31 529.65
794.73 742.03
863.49 536.42
482.68 146.24
320.11 163.09
719.87 383.25
695.55 342.94
837.21 226.33
492.05 268.81
560.78 210.15
891.6 604.6
893.58 361.16
598.9 532.21
746.51 497.57
795.5 50.66
931.42 570.6
648.24 411.6
622.06 603.81
938.38 928.4
699.58 101.32
433.21 276.65
376.96 240.36
649.25 351.63
931.15 677.27
937.44 936.34
582.54 506.45
649.89 457.69
621.45 552.63
879.79 182.07
460.62 130.31
789.76 736.9
825.8 148.56
770.75 555.86
678 176.34
414.08 174.05
391.52 396.8
458.27 391.22
692.89 628.32
866.91 361.06
165.59 154.21
923.8 757.41
654.62 516.28
528.67 427.53
806.18 586.96
739.59 528.73
724.6 34.58
721.03 451.61
830.99 711.05
654.65 273.05
570.76 533.8
588.58 72.82
694.72 313.46
500.17 166.94
601 379.89
803.09 111.15
805.9 546.19
769.19 371.53
441.42 28.29
669.3 368.79
348.58 179.36
463.79 371.38
876.13 592.85
214.61 206.76
732.2 118.72
836.48 665.24
366.41 328.5
774.68 97.42
724.63 312.66
682.79 647.85
592.33 542.13
936.25 743.77
690.97 222.02
564.84 65.65
550.55 402.3
261.48 103.09
861.93 28.2
734.12 159.73
279.85 147.86
778.28 543.14
710.78 725.06
919.16 760.46
151.22 113.32
787.26 88.02
892.42 261.21
373.18 293.68
528.24 40.77
740.75 769.59
522.72 493.21
816.25 23.96
729.18 551.77
815.97 328.99
924.62 487.14
765.98 437.39
740.93 640.25
849.54 236.58
517.96 444.69
829.13 756.68
928.07 631.43
689.29 236.15
890.5 798.09
862.79 313.76
498.18 297.19
640.71 558.06
854.34 501.75
871.36 344.07
818.51 433.18
423.84 229.07
512.8 318.52
870.72 834.96
739.46 270.55
932.95 133.4
605.24 561.39
852.81 675.86
818.23 242.71
911.83 645.07
705.1 419.05
328.01 237.43
738.7 550.61
900.24 887.42
626.76 101.23
656.79 404.34
669.48 271.86
236.21 149.78
713.83 658.99
628.96 73.73
862.39 66.26
913.39 465.32
631.12 555.68
736.69 112.67
799.62 670.61
632.83 408.67
319.5 252.27
211.65 51.18
774.62 731.41
420.79 350.6
662.37 679.95
56.09 52.58
572.95 199.87
939.91 691
896.57 697.53
541.73 402.36
340.62 244.12
888.88 628.56
615.86 286.32
269.11 146.03
822.47 189.4
446.15 463.97
771.17 250.43
764.34 337.78
861.42 290.48
778.83 371.56
816.37 392.44
441.33 118.35
490.13 127.2
450.94 73.15
444.56 36.32
813.56 493.7
909.6 318
502.03 331.03
657.06 393.72
311.87 239.39
899.23 205.45
826.23 538.32
600.3 555.35
559.8 560.08
572.65 260.51
581.44 72.02
919.31 882.9
159.43 138.22
638.29 209.11
809.72 632.59
801.17 637.56
631.73 269.63
603.41 32.78
899.69 71.6
623.92 320.81
906.58 133.21
825.8 659.11
821.74 337.44
764.76 735.68
894.04 242.29
117.56 61.19
682.06 564.96
487.17 356.06
727.38 710.99
896.79 470.75
408.09 294.26
387.37 325.17
820.92 173.31
796.04 791.8
637.65 283.94
788.38 821.62
599.78 307.93
671.53 128.79
540.42 327.8
414.32 158.24
611.68 185.67
403.3 79.93
880.37 829.52
906.86 472.15
168.95 46.36
237.53 134.1
787.32 679.4
745.6 39.03
833.74 183.11
589.59 38.85
86.98 49.26
669.91 663.9
527.12 43.95
747.49 653.55
553.67 164.59
541.55 532.82
174.08 59.42
811.73 573.23
587.57 118.17
894.89 691.09
727.59 430.22
510.94 359.6
764.85 411.63
693.99 400.56
224.25 229.19
367.72 247.51
536.27 349.93
857.81 153.17
905.85 556.41
337.38 106.17
489.85 30.67
918.94 79.96
807.55 665.06
710.14 649.25
326.94 153.94
880.12 166.51
364.36 261.27
614.28 378.73
746.27 671.8
479.08 201.51
160.8 91.62
835.66 173.74
779.5 388.38
331.06 261.21
466.81 346.81
259.38 250.47
734.43 424.24
890.19 504.62
918.3 768.52
705.28 599.17
733.33 125.95
387.13 115.82
697.62 224.22
199.8 112.13
841.82 801.14
694.69 614.22
768.97 227.42
935.09 482.35
571.46 386.27
403.06 69.46
890.8 23.68
733.15 236.98
461.56 452.16
892.85 135.9
325.3 96.44
865.29 403.49
787.99 283.49
893.25 118.14
469.41 268.72
641.8 286.08
744.8 495.25
416.15 311.01
348.31 177.89
810.42 817.87
406.93 174.17
663.08 142.49
412.37 338.97
267.8 103.03
868.53 472.34
806.94 335.18
743.46 271.49
205.51 130.86
288.06 274.21
337.47 93.48
748.95 350.96
479.11 32.87
902.37 855.37
350.69 185.92
909.79 930.33
868.28 199.44
504.81 427.99
608.66 314.55
728.02 321.3
258.61 140.29
707.79 474.72
191.41 150.4
726.55 385.33
500.17 277.99
889.46 784.23
720.69 124.55
546.16 62.99
618.7 436.51
488.51 84.44
910.61 134.74
423.78 215.4
334.24 101.99
746.33 304.09
658.16 515.21
623.1 521.71
469.04 33.11
855.71 540.33
438.89 156.96
873.68 593.62
833.55 290.9
593.98 94.45
558.67 184.55
139.19 83.53
901.15 190.71
796.01 711.57
624.5 481.06
100.1 49.32
788.29 29.33
878.48 818.81
420.85 186.8
148.66 55.48
742.39 605.61
855.46 365.4
924.1 60.4
573.05 60.79
541.92 444.56
414.35 63.54
498.73 353.74
818.93 412.49
925.78 220.16
185.52 190.62
456.77 361.49
720.63 221.47
866.97 450.09
754.14 592.36
882.93 162.05
806.82 419.02
515.21 66.16
517.2 83.93
482.86 224.34
172.03 147.31
527.24 432.42
194.83 135.32
548.3 439.77
826.56 63.6
278.42 27.25
761.35 625.51
243.72 136.72
816.89 28.5
544.88 70.74
874.36 428.54
373.64 51.09
531.27 550.61
632.59 206.18
214.64 221.63
284.8 149.45
532.64 281.14
548.63 248.73
901.58 334.7
296.18 57.5
392.83 282.11
370.89 238.5
569.05 573.17
516.1 315.2
470.56 485.98
804.83 101.35
574.66 161.17
596.91 560.69
785.49 475.17
676.78 671.56
903.93 164.46
518.3 355.14
307.05 291.24
594.16 299.2
701.44 366.13
244.94 48.43
531.24 193.21
163.12 46.66
324.69 213.9
348.55 121.1
552.96 447.61
822.47 382.46
566.33 170.57
530.81 499.37
934.05 579.18
779.02 476.97
873.2 625.84
389.2 185.37
633.32 586.35
918.21 605.21
386.94 39.46
439.37 332.62
811.88 565.63
935.88 836.57
766.81 611.01
906.25 113.07
830.56 257.12
583.24 183.29
259.62 25.54
539.66 242.84
707.05 558.46
869.29 854.64
523.73 541
215.58 111.7
866.42 165.17
404.07 310.68
657.67 380.81
436.41 391.83
734.15 373.36
526.84 155.37
876.09 423.23
658.56 641.83
180.61 64.64
619.92 80.87
525.68 147.28
597.49 252.48
918.64 583.03
432.84 359.66
892.57 321.76
629.02 325.72
640.8 254.8
910.58 424.05
372.88 246.93
876.95 173.28
374.95 257.12
488.3 339.18
581.44 451.98
702.08 579.06
929.2 847.1
787.04 251.26
280.77 239.48
779.78 735.28
189.86 108.92
606.89 270.97
534.71 285.41
783.35 315.96
297.04 306.07
256.42 154.85
429.52 341.56
512.92 363.75
851.99 790.09
869.08 761.35
305.22 32.38
164.77 103.43
157.6 140.02
890.32 204.54
763.21 290.96
813.44 401.62
894.59 539.66
695.73 85.63
905.48 649.71
895.26 262.12
804.16 313.88
685.29 444.99
869.29 853.42
403.33 334.39
428.39 25.36
476.06 263.95
385.94 345.62
641.56 273.32
816.61 515.61
684.32 569.96
493.27 495.86
874.84 368.36
355.82 74.43
584.15 287.03
777.79 278.36
358.1 149.45
837.03 419.35
796.81 706.84
904.45 755.33
593.19 84.84
925.05 167.49
443.16 187.38
806.67 777.79
526.81 278.42
849.79 116.82
670.46 180.97
403.85 176.55
920.74 842.83
689.6 286.75
700.58 133.73
438.83 324.47
920.56 906
137.36 113.32
682.09 604.05
492.2 104.77
676.38 594.41
859.49 754.26
758.05 331.61
145.57 69.73
452.93 163.15
298.17 222.17
803.22 521.93
917.29 765.68
550.4 407.12
102.11 27.83
894.41 281.32
642.02 273.81
658.07 483.2
614.58 582.81
475.36 452.89
539.32 448.47
754.75 337.66
774.41 335.03
629.44 247.17
887.54 925.05
715.08 677.05
781.73 177.1
319.41 37.32
557.88 146.64
909.12 595.6
434.55 262.89
775.75 231.21
775.48 203.8
907.5 310.46
855.1 219.7
852.75 106.48
539.38 472.52
487.93 405.26
801.57 470.17
624.96 428.79
918.24 84.57
641.68 44.19
651.75 644.92
362.8 286.84
811.91 552.29
814.05 124.64
906.67 295.63
794.24 190.01
911.77 752.46
935.18 449.9
685.17 236.21
526.93 180.24
73.18 47.94
629.05 395.64
456.07 251.01
870.6 105.62
373.24 83.22
328.81 222.63
478.19 279.98
340.13 343.36
608.75 496.87
687.61 361.03
904.63 345.47
816.55 52.1
771.02 487.17
919.03 540.24
610.16 492.42
825.22 604.3
339.49 225.68
769.13 435.96
866.15 468.43
927.82 416.52
853.24 824.37
597.98 123.84
782.86 265.39
918.79 145.27
430.01 200.26
627.95 451.12
548.6 564.41
817.32 393.44
453.08 32.47
404.71 294.81
735.71 160.13
473.98 346.75
328.75 168.65
811.06 70.83
210.36 95.16
703.02 315.78
396.86 353.31
158.39 119.75
383.92 218.45
801.69 320.32
873.04 648.37
717.89 471.51
768.06 774.01
865.9 371.72
677.39 288.49
377.94 319.32
432.02 85.73
748.92 335.89
577.75 310.16
840.08 265.57
853.11 269.42
670.83 454.39
753.53 230.84
681.75 584.43
736.66 553.03
821.68 531.17
805.23 400.28
457.32 135.96
921.29 489.64
484.36 407.09
901.91 614.31
737.88 267.22
777.73 662.98
754.26 539.69
838.4 318.52
799.95 69.31
631.21 649.46
540.94 353.5
707.17 97.38
323.4 192.14
813.68 556.35
839.14 288.67
245.19 160.74
186.65 159.98
480.73 113.99
448.65 402.81
746.33 534.59
694.45 598.77
793.57 741.39
908.87 805.02
695.73 163.7
689.87 258.61
771.75 26.8
442.79 254.25
876.95 839.08
87.01 79.04
472.06 396.53
801.23 549.88
348.64 182.68
629.93 264.56
718.19 184.67
624.26 170.11
882.29 902.4
565.48 524.55
922.64 963.41
741.81 201.79
443.37 332.16
891.2 840.11
708.52 678.15
922.24 869.59
431.38 144.84
426.59 390.64
300.21 189.15
892.24 853.02
608.33 204.26
784.51 177.28
775.23 767.78
322 240.82
708.21 229.9
661.61 365
904.51 233.62
447.58 42.88
485.03 228.52
890.01 523.97
383.68 169.68
672.75 417.83
136.11 129.83
175.15 43.28
431.01 188.15
933.84 580.43
667.41 189.86
563.77 179.91
441.48 307.72
833.25 72.82
838.77 787.53
599.44 495.25
621.39 440.05
561.88 528.28
542.59 483.17
381.02 254.04
587.79 418.2
620.32 56.4
753.07 751.34
682.79 36.99
246.68 145.76
328.65 246.53
919.71 57.28
840.57 857.14
157.96 34.18
679.19 498.98
548.3 55.45
699.58 309.52
182.41 110.23
599.96 590.01
786.37 206.73
500.17 484.91
849.3 559.74
322.12 250.74
615.83 594.29
902.8 409.68
367.41 56.61
809.23 68.73
830.04 379.44
743.95 449.63
922.67 269.84
819.73 225.32
774.62 221.9
912.26 683.49
821.34 744.68
638.02 260.81
816 473.4
696.95 713.92
275.55 227.12
540.48 363.35
594.07 406.99
916.96 500.08
595.84 493.67
180.39 78.83
849.79 779.11
204.72 102.51
656.97 591.6
897.55 806.05
582.42 561.75
756.52 99.58
811.15 385.11
889.37 801.2
315.96 311.44
184.15 53.07
775.38 415.88
548.72 500.2
276.19 254.59
909.02 767.51
568.62 455.73
518.6 475.3
715.75 523.64
907.32 411.6
822.14 790.64
874.26 387.92
669.45 467.18
817.74 751.12
846.89 818.69
785.67 758.72
247.29 227.06
410.32 299.05
398.94 56.31
698.11 279.79
429.15 240.03
470.63 241.16
263.34 212.32
767.33 50.51
395.03 163.24
800.47 521.77
829.25 702.08
713.43 33.51
779.75 614.55
580.55 69.43
421.03 251.78
657.86 212.99
900.81 682.88
375.47 231.51
807.03 419.39
574.88 201.36
931.46 335.58
679.16 477.95
600.48 154.06
795.8 265.24
574.54 287.67
847.83 114.9
820.22 424.36
232.64 103.06
632.95 39.22
597.98 132.36
641.77 388.07
421.49 276.71
624.9 324.63
780.02 771.32
591.57 589.65
195.07 151.59
748.04 706.81
916.72 193.79
525.56 251.2
934.2 420.06
210.61 25.36
741.75 752.86
812.49 133.55
833.92 751.55
414.78 260.26
467.76 364.85
360.48 75.99
868.53 600.45
631.4 533.89
735.22 622.33
231.54 62.44
683.4 711.6
758.08 312.63
804.8 647.54
828.21 677.91
317.15 281.11
903.9 512.53
692.71 322.79
853.72 697.99
931.09 462.97
842.98 574.24
871.73 690.51
516.98 173.44
790.46 809.53
597.77 221.63
934.97 951.63
412.37 151.65
883.63 708.98
837.06 266.7
575.67 511.46
931.12 947.94
788.6 477.46
572.44 464.52
825.65 102.82
786.68 250.71
152.13 32.47
914.27 647.42
891.63 610.58
847.96 853.21
601.37 457.23
220.86 101.66
224.04 75.66
824.85 283.91
802.06 90.82
491.2 185.98
608.26 41.78
826.44 221.93
796.41 326.58
865.6 689.5
906.16 657.46
542.31 135.81
769.4 565.45
786.1 573.26
559.19 64.55
931.15 652.18
468.09 175.51
865.29 634.94
664.88 498.18
291.6 187.63
855.53 160.65
689.54 158.02
922.67 612.14
745.41 453.32
852.17 765.04
419.84 350.69
639.12 243.35
822.32 361.92
638.57 346.17
642.93 425.21
767.48 53.74
614.52 96.56
387.46 113.8
598.96 527.76
444.38 379.77
934.23 245.67
477.31 234.75
605.76 188.6
901.21 240.91
706.75 601.92
829.37 659.35
557.57 465.1
720.11 585.28
921.17 194.22
572.07 536.36
249.7 128.76
865.41 409.41
783.81 326.4
681.57 90.37
184 60.21
644.64 192.02
631.43 527.18
822.63 83.5
734.4 724.85
693.38 160.92
595.48 606.86
830.65 612.96
788.38 436.9
580.43 134.46
694.51 214.12
697.99 469.01
539.41 436.99
127.69 92.23
233.47 153.84
658.71 414.14
634.11 126.26
861.11 520.25
933.16 260.84
902.28 441.79
919.77 233.04
806.02 390.82
907.8 642.9
867.64 79.78
799.92 198.58
288.46 92.07
673.76 471.39
866.21 85.79
413.53 374.34
668.66 430.68
571.61 317.61
784.97 98.61
482.13 358.53
915.52 863.19
476.49 116.31
677.45 698.17
585.56 388.59
836.79 442.58
782.68 213.29
298.53 221.47
486.56 380.11
761.62 545.49
564.56 427.87
524.67 223.76
172.95 35.04
702.11 362.01
431.93 160.74
855.37 864.8
780.76 298.96
572.62 494.8
314.74 147.65
621.85 273.42
618.52 98.24
932.34 56.89
528.24 404.64
139.41 114.78
210.18 44.43
540.03 24.48
778.37 379.16
314.62 298.68
335.28 348.03
813.68 27.56
808.74 311.93
772.15 234.08
796.26 214.67
773.61 700.34
724.3 99.09
898.56 927.24
604.14 67.05
581.96 194.04
759 394.91
558.12 241
776.73 752.62
639.33 455.95
886.59 728.35
734.18 589.65
505.33 508.87
242.26 100.19
555.77 551.62
624.41 281.26
530.29 317.09
692.98 659.35
897.89 742.21
940.28 882.75
145.73 55.76
282.63 39.74
706.99 219.76
187.14 93.26
546.16 169.04
817.68 130.07
811.18 750.39
348.83 292.31
742.27 253.98
530.5 126.68
836.57 497.82
786.4 70.01
855.13 265.57
212.65 87.83
790.03 315.44
411.82 306.65
551.81 435.1
540.45 450.12
881.1 125.31
689.69 334.54
621.11 556.47
670 402.94
781.37 684.38
877.71 326.4
773.49 722.25
753.62 633.35
751.67 586.72
624.47 44.1
316.51 256.23
551.81 114.63
547.84 533.16
879.09 305.03
695.64 530.2
285.01 137.09
481.25 328.62
893.61 890.68
284.04 68.82
519.64 482.99
385.54 397.75
723.04 143.35
748.19 673.82
876.67 307.87
718.01 621.88
839.14 179.2
433.64 402.54
130.83 46.21
492.48 497.85
332.68 256.94
847.22 35.22
867.46 835.14
848.66 192.63
686.24 702.57
572.77 147.59
538.16 507.16
661.37 35.68
730.55 405.01
898.89 592
336.74 341.53
591.48 163.55
568.71 150.73
495.04 391
732.38 58.5
424.73 80.11
339.7 111.73
580.46 266.24
820.58 554.49
441.21 344.25
893.8 548.69
934.69 440.96
280.4 133.95
617.3 56.4
508.8 31.25
758.14 395.4
590.26 251.81
213.48 143.25
447.95 135.96
239.63 27.83
703.21 249.98
312.3 253.12
222.97 88.84
862.76 359.11
793.82 458.57
509.05 404.37
534.75 325.05
930.42 204.14
588.61 207.62
895.72 240.58
875.88 137.79
928.65 714.87
772.94 777.15
176.58 34.36
810.17 506.94
882.69 341.9
692.89 692.5
330.85 287.79
882.87 150.67
335.64 247.35
557.97 37.17
771.48 495.99
866.54 780.14
666.31 583.91
526.51 429.49
412.79 70.68
873.81 578.39
438.28 194.71
590.75 392.47
560.35 210.21
369.64 216.32
517.93 194.95
402.23 340.83
775.02 168.34
359.14 97.51
875.7 527.76
185.92 34.21
751.7 91.01
536.18 173.01
928.1 671.44
603.66 180.91
470.47 221.29
294.75 127.05
682.49 608.54
602.5 520.71
916.81 222.97
299.11 176.34
721 702.48
552.93 543.17
539.96 410.81
769.46 609.7
834.41 433.12
764.15 753.26
897.76 751.37
925.78 703.12
747.83 90.49
166.11 34.58
726.74 180.09
739.86 191.84
719.99 164.25
201.91 107.85
442.3 455.55
659.47 523
785.79 802.03
745.35 221.93
464.52 399.76
506.55 418.13
625.2 207.34
145.6 50.69
568.16 385.48
523.21 495.07
686.39 128.97
683.89 176.67
418.53 188.91
811.98 91.01
457.23 304.61
755.91 427.17
821.92 460.31
432.17 290.54
644.8 336.07
291.7 288.37
913.75 419.84
515.4 154.3
294.17 258.61
668.23 58.99
784.88 423.6
223.06 163.61
367.6 51.27
495.65 29.33
268.78 206.21
283.12 235.11
188.09 114.63
841.49 53.04
862.97 74.5
182.29 130.1
903.47 419.63
658.68 320.23
423.75 274.33
732.02 363.54
857.11 506.45
821.71 724.66
335.73 304.76
662.13 548.05
511.19 361.34
668.63 113.9
380.26 80.05
776.76 706.05
868.28 395.49
647.6 182.32
251.35 138.83
558.52 238.2
327.71 339.15
722.5 113.71
349.31 357.71
606.1 163.49
604.85 578.33
927.67 114.02
925.17 157.87
694.48 307.57
517.96 82.86
264.38 198.16
141.09 41.75
668.39 530.87
851.62 756.19
665.03 612.75
678.3 88.02
845.09 32.26
889.8 104.25
265.88 222.39
920.13 567.09
489.61 409.41
853.85 530.17
863.37 427.38
922.61 646.11
751.46 625.23
921.63 335.43
516.59 210.58
719.72 237.65
263.68 225.93
836.42 173.1
789.45 437.67
371.93 320.54
555.93 99.73
737.57 459.24
560.11 445.63
767.27 740.13
890.71 84.57
199.47 36.81
283.82 88.87
474.47 273.38
649.71 507.49
388.26 66.26
930.66 151.59
505.63 94.58
899.69 496.63
188.85 191.35
567.49 232.31
739.25 626.94
904.84 769.34
509.14 394.21
938.69 961.52
658.31 570.45
649.19 587.12
926.79 855.8
913.45 450.09
728.32 35.25
627.25 391.89
837.92 742.52
413.34 408.4
209.72 171.15
580.13 295.3
694.33 346.26
779.69 75.14
776.18 313.52
640.68 461.35
408.89 366.31
507.4 303.23
848.08 322.43
129.49 31.1
818.26 99.49
874.72 243.75
563.62 517.5
842.62 27.07
333.6 316.05
517.59 27.28
886.23 111.7
629.72 189.06
580.58 468.25
826.32 378.31
854.4 586.11
742.76 222.66
208.99 204.41
363.54 365.61
674.55 41.99
485.89 451.7
873.35 625.29
896.42 269.36
790.4 211.28
785.15 688.38
201.48 202.03
563.83 328.07
884.33 901.73
862.94 672.41
671.35 303.93
292.76 190.8
841.76 167.64
912.08 338.08
105.08 100.1
433.55 358.1
668.69 407.61
908.78 561.51
848.72 482.47
840.24 739.68
329.17 126.07
710.1 117.44
666.71 456.43
792.81 208.08
733.12 390.58
543.63 535.17
399.88 74.16
715.45 446
787.8 351.05
828.58 594.74
194.43 197.24
568.41 77.97
450.18 296.21
373.76 283.73
656.82 136.27
678.7 278.57
807.49 234.6
395.95 100.8
368.11 74.34
718.89 559.74
462.23 117.71
647.76 311.78
826.41 455.09
922.27 700.67
526.54 92.81
331.52 320.51
569.32 71.66
558.64 140.54
410.44 227.27
377.36 185.55
366.01 222.79
331.64 124.67
693.26 705.74
771.2 711.48
388.87 48.59
800.13 293.13
873.53 420.39
559.37 88.38
804.1 801.32
295.11 45.87
360.12 352.15
168.74 49.44
790.55 794
848.29 42.27
843.81 161.11
925.81 335
110.39 55.91
311.11 130.86
449.23 290.6
831.93 337.41
729.82 441.11
629.2 522.29
701.07 400.49
664.78 74.83
864.31 51.73
214.33 52.1
870.97 767.2
472.95 314.25
270.3 97.75
534.9 48.37
797.88 297.19
894.04 187.78
761.22 291.06
670.92 351.12
464.37 407.76
588.37 145.57
425.09 50.54
898.62 870.27
840.88 473.01
842.68 741.51
103.15 99.15
561.72 367.41
588.06 420.82
715.32 122.93
518.48 501.6
468.18 44.56
714.65 523.82
597.22 444.72
678.52 460.28
858.79 279.55
366.16 165.5
547.99 513.57
414.17 411.63
565.29 251.2
715.51 120.79
518.97 67.72
657.98 256.14
687.37 266.76
405.93 385.14
670.92 402.84
861.32 79.81
301.89 215.16
542.89 218.48
839.66 708.76
881.56 59.54
804.83 522.17
531.14 83.56
882.17 41.08
625.05 246.96
268.56 230.17
481.52 138.92
427.93 196.51
726 651.54
259.44 126.65
863.16 340.34
906.7 678.67
770.71 143.28
815.85 780.27
381.79 269.97
932.4 916.78
755.06 78.31
456.77 188.12
805.29 784.97
222.24 220.89
461.99 360.12
879.02 691.64
474.5 455.15
290.87 240.94
500.08 326.55
722.16 172.77
868.28 776.15
789.85 292.21
388.68 86.67
906.58 605.52
730.22 481.12
328.01 142.19
897.12 409.92
759.88 671.32
673.64 95.1
399.49 273.2
635.98 663.23
471.14 481.31
339.98 23.93
910.46 780.94
379.22 242.01
919.64 750.3
182.87 65.95
510.45 487.14
656.97 672.6
206.64 42.79
701.56 301.64
798 495.68
865.47 642.81
671.99 29.48
535.29 42.21
670.74 170.84
512.89 461.13
688.8 301.8
535.39 235.6
380.93 239.84
721.52 630.82
805.08 42.02
352.95 317
771.6 378.15
301.86 40.25
577.23 367.5
424.73 284.95
808.37 78.65
794.18 702.6
491.62 50.94
455.31 182.35
790 473.25
787.53 605.49
878.2 541.34
844.78 869.87
779.81 191.53
859.83 231.18
84.81 84.44
867.12 425.89
642.2 384.9
781.4 35.98
486.22 354.29
879.09 871.24
378.06 139.68
721.4 172.22
620.14 91.56
644.55 210.82
299.75 218.15
815.3 328.84
97.9 27.19
560.75 534.23
530.63 460.4
405.68 391
823.88 42.33
599.57 60.55
876.4 548.66
836.57 794.52
748.34 26.43
405.56 230.9
793.3 290.9
769.46 699.48
872.62 285.47
549.12 112.37
193.55 197.24
863.58 899.23
616.38 263.83
754.81 241.25
626 272.99
596.61 397.75
555.19 356.46
440.29 223.33
637.56 642.75
152.29 113.93
827.91 160.31
427.23 272.96
769.28 287.24
801.93 57.34
376.45 211.55
366.34 56.86
605.21 73.15
771.2 661.09
903.26 639.21
933.53 752.59
734.58 589.95
864.47 332.38
874.08 114.75
882.84 576.19
591.27 86.12
598.8 499.53
832.76 650.26
476.21 472.88
629.08 512.41
935.33 562.67
599.29 245.95
792.5 759.79
924.65 29.79
779.02 800.29
458.2 35.43
529.65 282.14
259.5 243.42
737.57 582.96
566.82 44.92
852.23 613.09
559.34 203.53
914.91 830.77
672.96 571.31
729.12 498.25
800.01 363.32
646.87 568.41
908.9 808.16
511.34 526.38
699.21 489.36
805.78 457.35
777.7 578.23
936.25 764.43
529.83 114.26
606.56 466.54
607.62 204.57
730.98 354.05
610.58 326.61
603.14 67.54
588.82 392.35
474.56 375.16
732.84 169.5
759.36 41.81
617.97 543.2
918.61 809.26
842.43 566.55
606.25 301.8
900.24 290.35
159.98 96.32
559.43 123.91
438.12 339.98
202.95 72.94
774.16 383.04
927.64 335.95
602.8 257.97
424.6 370.89
793.54 479.32
182.96 123.26
668.42 519.46
334.76 82.34
256.2 232.28
225.44 54.57
850.89 581.01
622.91 532.3
613.94 502
677.76 459.91
754.23 247.26
618.82 49.81
880.37 824.24
508.38 60.06
593.01 115.15
697.68 566.06
433.58 434.34
845.94 753.72
749.32 742.45
716.97 69.92
266.82 152.41
937.8 733.7
706.9 307.66
629.69 342.36
577.11 361.46
862.79 147.77
275.64 34.67
555.74 420
579.58 239.78
514.11 209.91
582.69 173.89
687.43 185.16
518.6 164.22
547.47 115.6
825.89 464.22
702.32 647.21
536.73 195.44
826.35 594.41
362.04 181.1
845.85 522.63
869.38 27.41
469.65 360.18
637.96 653.31
661.58 273.29
874.26 96.5
855.22 231.57
669.85 427.9
530.41 160.25
885.53 845.67
934.45 648.52
876.52 798.15
254.59 54.41
894.34 856.38
711.54 126.96
824.21 743.06
930.88 106.14
701.25 167.85
925.08 636.4
777.4 644.15
662.5 241.46
871.36 857.97
765.43 219.79
680.99 340.89
717.95 748.34
834.13 866.08
279.49 238.26
816.06 475.75
902.52 912.6
182.96 73.18
261.48 153.36
467.76 214.55
626.58 40.47
568.59 340.62
230.14 180.52
745.23 460.98
897.49 47.7
772.82 407.51
202.12 28.66
620.62 35.43
911.44 445.94
590.59 171.64
343.7 126.32
859.28 552.48
769.65 756.61
793.94 446.52
429.46 438.46
519.12 284.74
619.04 524.92
489.55 30.27
609.67 453.14
640.86 278.33
858.61 209.05
876.03 908.17
702.57 304.51
377.61 80.11
588.49 283.79
349.96 98.85
617.85 322.03
863.19 655.02
404.52 169.07
625.9 92.93
872.77 613.15
248.45 241.25
663.47 606.77
637.13 481.22
858.03 861.9
475.23 85.97
644.34 579.15
343.97 323.1
664.63 515.64
681.08 276.99
872.98 75.87
568.41 65.89
915.77 90.73
821.68 229.77
596.85 39.31
907.19 537.4
628.04 144.17
535.94 127.38
790.55 775.14
761.28 250.62
358.2 255.5
563.07 162.76
733.6 600.42
695.06 526.44
584.52 559.68
427.81 230.11
447.07 438.25
629.54 230.57
394.45 26.73
636.56 157.17
739.4 714.32
663.41 578.84
891.6 234.69
402.75 214.09
829.34 681.14
617.82 231.88
932.74 417.22
677.24 468.86
610.43 413.37
335.98 133.79
863.37 346.08
802.27 271.16
817.62 158.12
303.08 256.26
677.42 600.79
683.83 134.31
406.23 53.87
349.31 67.87
770.38 244.73
677.79 292.34
761.68 752.01
603.5 176.85
606.56 243.9
298.72 282.39
361.19 367.17
567.95 542.44
794.52 669.45
642.41 655.05
796.38 601.64
203.01 45.08
210.18 209.42
930.36 97.72
735.13 384.93
387.83 262.31
376.54 57.65
886.78 96.01
936.49 836.18
897.03 865.93
522.2 316.75
772.21 198.74
621.91 218.27
535.14 299.11
551.01 320.93
544.48 357.43
675.86 105.53
478.16 344.83
805.72 328.01
875.24 866.88
920.44 413.43
392.32 365.64
269.6 276.83
635.52 326.18
730.98 255.47
457.14 51.7
458.54 445.3
737.97 754.91
557.94 471.57
609.52 517.59
452.25 298.04
696.4 182.44
732.78 574.76
820.22 114.84
602.25 133.03
741.02 278.48
880.34 688.77
563.98 358.47
268.65 140.97
448.26 246.19
770.35 117.34
797.91 651.45
725.12 141.85
856.84 680.99
888.52 159.95
553.85 506.82
326.79 160.8
915.71 393.32
694.11 209.33
808.62 433.61
686.82 79.2
336.22 92.07
459.43 370.92
146.89 58.44
792.57 122.87
216.96 130.31
860.71 736.66
784.23 286.29
305.73 144.66
378.34 86.25
584.92 294.08
922.7 351.18
665.46 416.94
846.28 756.28
405.59 421.25
557.91 454.12
776.09 490.68
668.39 582.48
763.54 154.88
475.72 274.64
689.35 336.47
481.22 461.29
745.41 643.33
928.77 945.01
348.7 70.89
915.71 733.45
936.7 586.23
363.38 43.79
729.73 237.98
272.44 219.37
911.04 646.9
786.19 158.27
870.69 463.67
468.12 289.68
562.79 128.54
412.18 424.54
879.24 295.36
440.14 124.64
212.47 95.86
360.67 228.89
913.14 663.29
852.41 642.72
650.69 507.58
599.26 163.43
675.62 571.55
539.54 271.19
860.29 167.94
232.98 26.92
577.96 580.83
833.12 288.19
847.59 243.87
838.1 722.83
680.38 532.49
621.63 458.24
929.56 233.25
477.58 41.72
626.51 139.71
527.97 59.05
528.98 189
851.8 234.53
346.87 346.81
609.55 574.3
539.45 459.49
812.71 401.01
795.34 159.12
520.58 447.13
700.09 453.08
701.8 348.19
573.5 393.6
733.09 90.24
921.02 293.68
563.49 530.99
887.14 559.59
853.94 410.84
496.38 183.42
154.18 57.83
664.27 97.35
927.18 891.75
612.29 179.57
858.85 211.89
591.36 568.35
438.95 183.9
468.83 285.1
761.71 588.49
740.38 682.36
522.11 161.47
922.42 518.94
737.94 353.4
247.57 106.36
806.45 648.43
872.59 666.1
238.53 108.95
894.22 369.91
885.4 700.06
105.96 39.16
739.56 753.87
312.17 69.31
747.61 771.39
300.94 79.01
923.64 504.87
434.95 316.2
483.11 368.36
910.28 618.73
638.72 517.38
370.4 305.58
616.26 455.58
938.69 854.79
606.34 273.6
503.46 510.97
704.55 74.71
282.66 216.5
480.03 486.47
933.44 304.64
713.19 288.92
290.02 252.2
527.36 413.46
778.1 603.41
700.49 195.56
245.09 58.5
460.68 40.04
469.34 55.64
595.45 256.05
695.24 48.46
433.79 141.12
390.94 177.25
850.09 808.13
569.96 87.44
886.14 65.22
727.84 563.49
816 590.14
742.61 151.22
820.7 833.46
864.5 357.98
785.97 477.98
621.36 217.99
609.61 450.85
543.47 277.23
802 298.99
550.19 122.07
273.17 189.92
919 25.61
885.46 596.36
602.8 255.81
921.29 578.63
542.41 118.02
855.86 265.45
684.62 570.45
243.69 213.17
760.49 45.78
713.61 700.55
460.71 471.91
699.48 324.44
752.53 381.08
791.71 67.02
667.68 33.05
383.71 167.7
197.09 138.19
519.7 478.87
828.85 379.44
591.94 377.21
885.74 796.99
181.28 72.82
506.97 375.87
663.53 551.16
411.39 95.89
837.79 563.22
476.88 81.58
746.88 224.89
385.33 94.73
301.83 140.75
419.78 71.63
746.94 217.78
832.82 257.82
286.63 184.76
422.47 269.97
717.46 108.52
364.85 230.72
853.63 727.23
784.2 275.19
771.11 257
737.05 407.06
796.69 739.07
413.04 385.27
647.05 183.36
365.86 86.12
695.94 333.29
736.14 268.17
779.41 695.52
265.76 247.2
395.79 387.71
593.13 123.05
719.84 365.67
846.55 872.74
377.91 208.99
607.01 58.44
427.72 265.18
234.17 116.64
651.97 460.19
405.99 118.56
845.85 23.59
339.98 194.74
738.36 198.13
769.95 781.24
444.47 383.53
266.43 46.24
334.91 343.76
914.79 242.68
128.64 102.63
704.31 163.52
103 69.28
862.73 383.56
759.97 153.36
478.19 225.93
914.15 560.69
490.71 192.18
539.78 203.99
771.02 779.38
713.34 668.42
273.14 34.67
565.29 400.52
496.17 258.13
766.41 536.42
810.05 333.41
766.56 474.41
281.59 72.36
933.32 933.68
880.09 567.74
277.81 208.69
591.63 339.61
681.36 246.59
511.06 389.23
477.65 193.33
386.73 38.94
339.7 248.7
837.49 375.35
798.67 623.8
803.77 144.41
167.09 156.9
566.76 177.8
438.15 380.78
397.29 113.01
903.81 481.8
802.48 166.14
913.51 122.68
686.45 645.13
646.87 25.39
888.33 736.9
264.93 134.07
726.62 487.32
417.31 362.68
678.79 314.83
845.15 366.25
570.42 140.2
609.24 129.43
899.81 757.47
867.31 220.68
928.4 477.31
687.46 659.57
915.56 190.71
777.18 689.11
132.18 105.62
869.29 555.22
558.43 271.16
793.76 256.81
822.44 48.07
135.2 79.26
638.11 266.49
478.19 372.05
293.56 201.54
741.23 548.36
656.45 73.43
109.87 104.53
409.71 323.37
504.59 465.47
781.67 398.66
760.92 82.77
451.16 278.33
596.39 45.78
923.09 628.89
620.53 312.05
851.07 806.02
616.2 513.41
823.33 637.44
670.77 324.84
633.63 229.87
886.9 365.25
531.24 545.27
790.06 651.08
522.54 186.59
932.89 257.52
741.54 722.65
936.09 371.11
458.33 380.72
568.13 190.31
681.75 185.8
793.12 265.3
450.21 170.69
444.87 31.68
394.18 384.66
237.04 157.72
409.13 321.39
708.37 701.13
187.11 60.21
775.26 144.35
498.64 362.77
376.05 157.2
936.25 975.37
835.08 497.18
628.01 624.84
308.36 198.25
319.99 242.13
496.38 362.8
581.77 366.07
812.28 188.33
169.38 147.47
775.69 263.77
625.6 572.74
687.7 256.32
798.06 518.3
525.47 529.19
356.09 120.37
314.65 103.82
453.63 51.76
652.18 285.13
728.57 30.76
824.64 444.87
726.8 725.76
687.77 391.49
611.96 152.29
835.78 642.96
835.69 353.65
364.33 112.43
762.47 64.39
553.61 56.03
932.8 118.69
514.82 537
938.32 853.79
788.45 317.64
101.17 25.42
763.57 509.99
793.3 435.53
729.24 59.3
277.5 204.5
662.65 327.8
416.52 309.49
418.23 433.73
748.28 62.75
821.04 512.89
821.74 387.95
773.16 179.91
330.7 90.85
695.73 156.16
697.84 309.4
909.39 420.12
611.68 398.48
855.37 827.27
419.26 406.51
741.23 336.25
913.05 722.28
819.61 270.55
399.73 117.4
716.03 393.26
90 44.25
876.86 566.7
703.7 704.4
300.33 213.63
915.01 687.83
538.65 127.81
700.4 151.8
846.55 182.93
245.77 165.35
714.41 270.33
340.31 300.33
679.53 386.67
722.71 752.04
531.91 195.5
874.29 291.57
791.56 197.64
372.39 133.98
709.86 576.46
309.15 286.87
806.36 450.24
731.38 289.9
787.1 142.03
636.22 156.41
260.72 52.22
567.09 246.5
233.22 112.46
283.03 267.01
309.95 119.05
878.51 310.77
569.11 567.52
435.16 194.25
478.77 496.11
663.08 510.57
480.3 345.65
738.82 101.08
297.92 129.25
347.45 222.11
938.17 978.42
515.64 505.94
788.17 124.97
235.39 27.22
726.25 289.01
885.56 418.65
819.51 211.68
710.68 109.78
588.18 344.98
693.75 361.77
783.38 469.74
624.96 342.02
549.67 93.81
742.39 744.29
573.17 61.04
554.77 507.28
841.85 299.26
633.2 291.6
499.4 336.1
851.83 257.48
393.32 80.08
457.29 325.82
770.44 411.66
719.44 408
819.33 804.32
703.94 626.45
204.54 152.75
670.77 318.52
521.87 193.24
872.8 637.38
721.61 123.42
869.17 444.35
582.35 331.64
632.53 428.94
432.05 34.46
439.53 249
819.15 287.39
523 216.77
391.89 237.71
497.85 371.99
797.66 135.75
498.25 113.9
257.61 63.88
898.43 174.17
473.86 86.37
757.77 93.97
81.48 69.58
499.07 109.2
926.97 34.49
524.89 271.52
242.93 110.32
649.98 448.84
875.64 884.49
632.25 379.83
762.81 609.21
228.55 52.8
873.01 767.57
468.4 129.7
509.93 248.97
639.88 586.29
290.11 82.13
897.43 672.02
803.7 192.24
725.94 376.02
469.62 287.33
877.53 506.88
498.55 208.47
612.32 442.76
834.25 456.34
567.06 539.6
622.33 319.77
444.35 124.36
379.83 25.21
902.28 707.14
903.74 411.73
682 411.08
496.54 488.2
915.25 661.76
589.74 285.23
378.61 95.03
106.6 51.85
481.22 40.5
825.59 120.61
527.18 508.07
728.17 465.16
879.27 663.41
341.59 81.33
914.58 149.6
883.27 390.94
651.72 531.08
672.32 111.03
400.56 44.68
598.59 617.51
497.79 484.85
237.71 192.14
906.28 37.05
727.29 69.58
427.14 440.66
922.3 68.58
883.14 98.51
697.71 410.26
869.35 308.11
168.19 155.83
140.63 60.37
770.9 434.68
583.09 335.76
609.33 507.74
511.92 240.39
919.46 212.2
881.07 479.14
887.6 86.73
872.59 42.36
796.87 435.56
852.9 696.95
544.05 496.99
731.59 108.28
587.18 469.65
334.45 255.53
289.19 267.68
183.17 115.82
120.7 86.73
574.94 453.51
191.96 116.37
756.86 415.94
665.76 142.92
808.34 690.69
757.71 463.09
188.79 139.99
504.01 315.93
692.98 213.42
